0,6.0,0,0,1169.0,0,0,4.0,0,0,4.0,0,67.0,0,0,2.0,0,1.0,0,0,1
1,48.0,1,0,5951.0,1,1,2.0,1,0,2.0,0,22.0,0,0,1.0,0,1.0,1,0,2
2,12.0,0,1,2096.0,1,2,2.0,0,0,3.0,0,49.0,0,0,1.0,1,2.0,1,0,1
0,42.0,1,2,7882.0,1,2,2.0,0,1,4.0,1,45.0,0,1,1.0,0,2.0,1,0,1
0,24.0,2,3,4870.0,1,1,3.0,0,0,4.0,2,53.0,0,1,2.0,0,2.0,1,0,2
2,36.0,1,1,9055.0,0,1,2.0,0,0,4.0,2,35.0,0,1,1.0,1,2.0,0,0,1
2,24.0,1,2,2835.0,2,0,3.0,0,0,4.0,1,53.0,0,0,1.0,0,1.0,1,0,1
1,36.0,1,4,6948.0,1,1,2.0,0,0,2.0,3,35.0,0,2,1.0,2,1.0,0,0,1
2,12.0,1,0,3059.0,3,2,2.0,2,0,4.0,0,61.0,0,0,1.0,1,1.0,1,0,1
1,30.0,0,3,5234.0,1,3,4.0,3,0,2.0,3,28.0,0,0,2.0,2,1.0,1,0,2
1,12.0,1,3,1295.0,1,4,3.0,1,0,1.0,3,25.0,0,2,1.0,0,1.0,1,0,2
0,48.0,1,5,4308.0,1,4,3.0,1,0,4.0,1,24.0,0,2,1.0,0,1.0,1,0,2
1,12.0,1,0,1567.0,1,1,1.0,1,0,1.0,3,22.0,0,0,1.0,0,1.0,0,0,1
0,24.0,0,3,1199.0,1,0,4.0,0,0,4.0,3,60.0,0,0,2.0,1,1.0,1,0,2
0,15.0,1,3,1403.0,1,1,2.0,1,0,4.0,3,28.0,0,2,1.0,0,1.0,1,0,1
0,24.0,1,0,1282.0,4,1,4.0,1,0,2.0,3,32.0,0,0,1.0,1,1.0,1,0,2
2,24.0,0,0,2424.0,0,0,4.0,0,0,4.0,1,53.0,0,0,2.0,0,1.0,1,0,1
0,30.0,3,5,8072.0,0,4,2.0,0,0,3.0,3,25.0,1,0,3.0,0,1.0,1,0,1
1,24.0,1,4,12579.0,1,0,4.0,1,0,2.0,2,44.0,0,1,1.0,2,1.0,0,0,2
2,24.0,1,0,3430.0,2,0,3.0,0,0,2.0,3,31.0,0,0,1.0,0,2.0,0,0,1
2,9.0,0,3,2134.0,1,1,4.0,0,0,4.0,3,48.0,0,0,3.0,0,1.0,0,0,1
0,6.0,1,0,2647.0,2,1,2.0,0,0,3.0,0,44.0,0,2,1.0,0,2.0,1,0,1
0,10.0,0,3,2241.0,1,4,1.0,0,0,3.0,0,48.0,0,2,2.0,1,2.0,1,1,1
1,12.0,0,4,1804.0,4,4,3.0,0,0,4.0,1,44.0,0,0,1.0,0,1.0,1,0,1
2,10.0,0,2,2069.0,0,1,2.0,3,0,1.0,3,26.0,0,0,2.0,0,1.0,1,1,1
0,6.0,1,2,1374.0,1,1,1.0,0,0,2.0,0,36.0,1,0,1.0,1,1.0,0,0,1
2,6.0,3,0,426.0,1,0,4.0,3,0,4.0,3,39.0,0,0,1.0,1,1.0,1,0,1
3,12.0,4,0,409.0,3,1,3.0,1,0,3.0,0,42.0,0,2,2.0,0,1.0,1,0,1
1,7.0,1,0,2415.0,1,1,3.0,0,1,2.0,0,34.0,0,0,1.0,0,1.0,1,0,1
0,60.0,2,5,6836.0,1,0,3.0,0,0,4.0,2,63.0,0,0,2.0,0,1.0,0,0,2
1,18.0,1,5,1913.0,3,4,3.0,3,0,3.0,0,36.0,1,0,1.0,0,1.0,0,0,1
0,24.0,1,2,4020.0,1,1,2.0,0,0,2.0,3,27.0,2,0,1.0,0,1.0,1,0,1
1,18.0,1,3,5866.0,4,1,2.0,0,0,2.0,3,30.0,0,0,2.0,0,1.0,0,0,1
2,12.0,0,5,1264.0,0,0,4.0,0,0,4.0,2,57.0,0,2,1.0,1,1.0,1,0,1
3,12.0,1,2,1474.0,1,4,4.0,1,0,1.0,1,33.0,1,0,1.0,2,1.0,0,0,1
1,45.0,0,0,4746.0,1,4,4.0,0,0,2.0,1,25.0,0,0,2.0,1,1.0,1,0,2
2,48.0,0,1,6110.0,1,1,1.0,0,0,3.0,2,31.0,1,1,1.0,0,1.0,0,0,1
3,18.0,1,0,2100.0,1,1,4.0,0,2,2.0,0,37.0,2,0,1.0,0,1.0,1,0,2
3,10.0,1,6,1225.0,1,1,2.0,0,0,2.0,3,37.0,0,0,1.0,0,1.0,0,0,1
1,9.0,1,0,458.0,1,1,4.0,0,0,3.0,0,24.0,0,0,1.0,0,1.0,1,0,1
2,30.0,1,0,2333.0,2,0,4.0,0,0,2.0,3,30.0,1,0,1.0,2,1.0,1,0,1
1,12.0,1,0,1158.0,2,1,3.0,2,0,1.0,3,26.0,0,0,1.0,0,1.0,0,0,1
1,18.0,2,7,6204.0,1,1,2.0,0,0,4.0,0,44.0,0,0,1.0,1,2.0,0,0,1
0,30.0,0,4,6187.0,4,2,1.0,3,0,4.0,3,24.0,0,2,2.0,0,1.0,1,0,1
0,48.0,0,4,6143.0,1,0,4.0,1,0,4.0,2,58.0,2,1,2.0,1,1.0,1,0,2
2,11.0,0,3,1393.0,1,4,4.0,1,0,4.0,3,35.0,0,0,2.0,2,1.0,1,0,1
2,36.0,1,0,2299.0,2,0,4.0,0,0,4.0,3,39.0,0,0,1.0,0,1.0,1,0,1
0,6.0,1,4,1352.0,2,3,1.0,1,0,2.0,1,23.0,0,2,1.0,3,1.0,0,0,1
2,11.0,0,3,7228.0,1,1,1.0,0,0,4.0,1,39.0,0,0,2.0,1,1.0,1,0,1
2,12.0,1,0,2073.0,4,1,4.0,1,2,2.0,0,28.0,0,0,1.0,0,1.0,1,0,1
1,24.0,2,2,2333.0,0,4,4.0,0,0,2.0,1,29.0,1,0,1.0,1,1.0,1,0,1
1,27.0,2,4,5965.0,1,0,1.0,0,0,2.0,3,30.0,0,0,2.0,2,1.0,0,0,1
2,12.0,1,0,1262.0,1,1,3.0,0,0,2.0,3,25.0,0,0,1.0,0,1.0,1,0,1
2,18.0,1,4,3378.0,0,1,2.0,0,0,1.0,1,31.0,0,0,1.0,0,1.0,0,0,1
1,36.0,2,3,2225.0,1,0,4.0,0,0,4.0,2,57.0,1,1,2.0,0,1.0,0,0,2
2,6.0,4,3,783.0,0,1,1.0,0,1,2.0,0,26.0,2,0,1.0,1,2.0,1,0,1
1,12.0,1,0,6468.0,0,3,2.0,0,0,1.0,2,52.0,0,0,1.0,2,1.0,0,0,2
2,36.0,0,0,9566.0,1,1,2.0,1,0,2.0,3,31.0,2,0,2.0,0,1.0,1,0,1
3,18.0,1,3,1961.0,1,0,3.0,1,0,2.0,3,23.0,0,0,1.0,2,1.0,1,0,1
0,36.0,0,2,6229.0,1,4,4.0,1,2,4.0,2,23.0,0,2,2.0,1,1.0,0,0,2
1,9.0,1,5,1391.0,1,1,2.0,3,0,1.0,0,27.0,1,0,1.0,0,1.0,0,0,1
1,15.0,0,0,1537.0,0,0,4.0,0,1,4.0,0,50.0,0,0,2.0,0,1.0,0,0,1
1,36.0,3,5,1953.0,1,0,4.0,0,0,4.0,2,61.0,0,1,1.0,2,1.0,0,0,2
1,48.0,3,5,14421.0,1,1,2.0,0,0,2.0,3,25.0,0,0,1.0,0,1.0,0,0,2
2,24.0,1,0,3181.0,1,4,4.0,1,0,4.0,1,26.0,0,0,1.0,0,1.0,0,0,1
2,27.0,1,7,5190.0,0,0,4.0,0,0,4.0,1,48.0,0,0,4.0,0,2.0,0,0,1
2,12.0,1,0,2171.0,1,4,2.0,1,0,2.0,3,29.0,1,0,1.0,0,1.0,1,0,1
1,12.0,1,3,1007.0,3,1,4.0,3,0,1.0,0,22.0,0,0,1.0,0,1.0,1,0,1
2,36.0,1,1,1819.0,1,1,4.0,0,0,4.0,2,37.0,2,1,1.0,0,1.0,0,0,2
2,36.0,1,0,2394.0,0,1,4.0,1,0,4.0,3,25.0,0,0,1.0,0,1.0,1,0,1
2,36.0,1,4,8133.0,1,1,1.0,1,0,2.0,1,30.0,1,0,1.0,0,1.0,1,0,1
2,7.0,0,0,730.0,0,0,4.0,0,0,2.0,1,46.0,0,2,2.0,1,1.0,0,0,1
0,8.0,0,8,1164.0,1,0,3.0,0,0,4.0,2,51.0,1,1,2.0,2,2.0,0,0,1
1,42.0,0,5,5954.0,1,2,2.0,1,0,1.0,0,41.0,1,0,2.0,1,1.0,1,0,1
0,36.0,1,1,1977.0,0,0,4.0,0,0,4.0,2,40.0,0,0,1.0,2,1.0,0,0,2
0,12.0,0,4,1526.0,1,0,4.0,0,0,4.0,2,66.0,0,1,2.0,2,1.0,1,0,1
0,42.0,1,0,3965.0,1,4,4.0,0,0,3.0,3,34.0,0,0,1.0,0,1.0,1,0,2
1,11.0,2,0,4771.0,1,2,2.0,0,0,4.0,1,51.0,0,0,1.0,0,1.0,1,0,1
2,54.0,3,4,9436.0,0,1,2.0,0,0,2.0,1,39.0,0,0,1.0,1,2.0,1,0,1
1,30.0,1,2,3832.0,1,4,2.0,3,0,1.0,1,22.0,0,0,1.0,0,1.0,1,0,1
2,24.0,1,0,5943.0,0,4,1.0,1,0,1.0,3,44.0,0,0,2.0,0,1.0,0,0,2
2,15.0,1,0,1213.0,2,0,4.0,0,0,3.0,1,47.0,2,0,1.0,0,1.0,0,0,1
2,18.0,1,5,1568.0,4,1,3.0,1,0,4.0,1,24.0,0,2,1.0,1,1.0,1,0,1
0,24.0,1,8,1755.0,1,0,4.0,1,1,4.0,0,58.0,0,0,1.0,1,1.0,0,0,1
0,10.0,1,0,2315.0,1,0,3.0,0,0,4.0,0,52.0,0,0,1.0,1,1.0,1,0,1
2,12.0,0,5,1412.0,1,1,4.0,1,1,2.0,0,29.0,0,0,2.0,2,1.0,0,0,1
1,18.0,0,2,1295.0,1,4,4.0,1,0,1.0,1,27.0,0,0,2.0,0,1.0,1,0,1
1,36.0,1,1,12612.0,4,1,1.0,0,0,4.0,2,47.0,0,1,1.0,0,2.0,0,0,2
0,18.0,1,3,2249.0,4,2,4.0,0,0,3.0,3,30.0,0,0,1.0,2,2.0,0,0,1
0,12.0,3,7,1108.0,1,2,4.0,0,0,3.0,0,28.0,0,0,2.0,0,1.0,1,0,2
2,12.0,0,0,618.0,1,0,4.0,0,0,4.0,0,56.0,0,0,1.0,0,1.0,1,0,1
0,12.0,0,4,1409.0,1,0,4.0,0,0,3.0,0,54.0,0,0,1.0,0,1.0,1,0,1
2,12.0,0,0,797.0,0,0,4.0,1,0,3.0,1,33.0,1,0,1.0,1,2.0,1,0,2
3,24.0,0,2,3617.0,0,0,4.0,0,2,4.0,2,20.0,0,2,2.0,0,1.0,1,0,1
1,12.0,1,3,1318.0,3,0,4.0,0,0,4.0,0,54.0,0,0,1.0,0,1.0,0,0,1
1,54.0,3,5,15945.0,1,4,3.0,0,0,4.0,2,58.0,0,2,1.0,0,1.0,0,0,2
2,12.0,0,1,2012.0,0,2,4.0,1,0,2.0,3,61.0,0,0,1.0,0,1.0,1,0,1
1,18.0,1,5,2622.0,4,1,4.0,0,0,4.0,3,34.0,0,0,1.0,0,1.0,1,0,1
1,36.0,0,0,2337.0,1,0,4.0,0,0,4.0,0,36.0,0,0,1.0,0,1.0,1,0,1
1,20.0,2,4,7057.0,0,2,3.0,0,0,4.0,1,36.0,1,2,2.0,2,2.0,0,0,1
2,24.0,1,3,1469.0,4,0,4.0,3,0,4.0,0,41.0,0,2,1.0,1,1.0,1,0,1
1,36.0,1,0,2323.0,1,2,4.0,0,0,4.0,3,24.0,0,2,1.0,0,1.0,1,0,1
2,6.0,2,0,932.0,1,1,3.0,1,0,2.0,0,24.0,0,0,1.0,0,1.0,1,0,1
1,9.0,0,2,1919.0,1,2,4.0,0,0,3.0,3,35.0,0,2,1.0,0,1.0,0,0,1
2,12.0,1,4,2445.0,0,4,2.0,3,0,4.0,3,26.0,0,2,1.0,0,1.0,0,0,1
1,24.0,0,8,11938.0,1,1,2.0,0,2,3.0,3,39.0,0,0,2.0,2,2.0,0,0,2
2,18.0,4,3,6458.0,1,0,2.0,0,0,4.0,2,39.0,1,0,2.0,2,2.0,0,0,2
1,12.0,1,3,6078.0,1,2,2.0,0,0,2.0,3,32.0,0,0,1.0,0,1.0,1,0,1
0,24.0,1,2,7721.0,0,4,1.0,1,0,2.0,1,30.0,0,0,1.0,0,1.0,0,1,1
1,14.0,1,5,1410.0,2,0,1.0,3,0,2.0,0,35.0,0,0,1.0,0,1.0,0,0,1
1,6.0,2,5,1449.0,4,0,1.0,2,0,2.0,3,31.0,1,0,2.0,0,2.0,1,0,1
3,15.0,1,1,392.0,1,4,4.0,1,0,4.0,1,23.0,0,2,1.0,0,1.0,0,0,1
1,18.0,1,3,6260.0,1,2,3.0,0,0,3.0,0,28.0,0,2,1.0,1,1.0,1,0,1
2,36.0,0,3,7855.0,1,1,4.0,1,0,2.0,0,25.0,2,0,2.0,0,1.0,0,0,2
0,12.0,1,0,1680.0,2,0,3.0,3,0,1.0,0,35.0,0,0,1.0,0,1.0,1,0,1
2,48.0,0,0,3578.0,0,0,4.0,0,0,1.0,0,47.0,0,0,1.0,0,1.0,0,0,1
0,42.0,1,0,7174.0,0,2,4.0,1,0,3.0,3,30.0,0,0,1.0,2,1.0,0,0,2
0,10.0,0,2,2132.0,0,4,2.0,1,2,3.0,0,27.0,0,2,2.0,0,1.0,1,1,1
0,33.0,0,2,4281.0,2,1,1.0,1,0,4.0,3,23.0,0,0,2.0,0,1.0,1,0,2
1,12.0,0,3,2366.0,2,2,3.0,2,0,3.0,3,36.0,0,0,1.0,2,1.0,0,0,1
0,21.0,1,0,1835.0,1,1,3.0,1,0,2.0,0,25.0,0,0,2.0,0,1.0,0,0,2
2,24.0,0,4,3868.0,1,0,4.0,1,0,2.0,3,41.0,0,2,2.0,2,1.0,0,0,1
2,12.0,1,2,1768.0,1,1,3.0,0,0,2.0,0,24.0,0,2,1.0,1,1.0,1,0,1
3,10.0,0,3,781.0,1,0,4.0,0,0,4.0,2,63.0,0,1,2.0,0,1.0,0,0,1
1,18.0,1,2,1924.0,0,4,4.0,1,0,3.0,0,27.0,0,2,1.0,0,1.0,1,0,2
0,12.0,0,3,2121.0,1,1,4.0,0,0,2.0,1,30.0,0,0,2.0,0,1.0,1,0,1
0,12.0,1,0,701.0,1,1,4.0,3,0,2.0,0,40.0,0,0,1.0,1,1.0,1,0,1
1,12.0,1,7,639.0,1,1,4.0,0,0,2.0,3,30.0,0,0,1.0,0,1.0,1,0,2
1,12.0,0,4,1860.0,1,3,4.0,0,0,2.0,3,34.0,0,0,2.0,2,1.0,0,0,1
0,12.0,0,3,3499.0,1,1,3.0,1,2,2.0,0,29.0,0,0,2.0,0,1.0,1,0,2
1,48.0,1,3,8487.0,0,2,1.0,1,0,2.0,3,24.0,0,0,1.0,0,1.0,1,0,1
0,36.0,2,1,6887.0,1,1,4.0,0,0,3.0,1,29.0,2,0,1.0,0,1.0,0,0,2
2,15.0,1,2,2708.0,1,4,2.0,0,0,3.0,1,27.0,1,0,2.0,1,1.0,1,0,1
2,18.0,1,2,1984.0,1,1,4.0,0,0,4.0,2,47.0,1,1,2.0,0,1.0,1,0,1
2,60.0,1,0,10144.0,4,2,2.0,1,0,4.0,0,21.0,0,0,1.0,0,1.0,0,0,1
2,12.0,0,0,1240.0,0,0,4.0,1,0,2.0,0,38.0,0,0,2.0,0,1.0,0,0,1
2,27.0,2,4,8613.0,3,1,2.0,0,0,2.0,3,27.0,0,0,2.0,0,1.0,1,0,1
1,12.0,1,0,766.0,2,1,4.0,0,0,3.0,0,66.0,0,0,1.0,1,1.0,1,0,2
1,15.0,0,0,2728.0,0,2,4.0,0,1,2.0,0,35.0,1,0,3.0,0,1.0,0,0,1
3,12.0,1,0,1881.0,1,1,2.0,1,0,2.0,3,44.0,0,2,1.0,1,1.0,0,0,1
3,6.0,1,3,709.0,3,4,2.0,3,0,2.0,0,27.0,0,0,1.0,3,1.0,1,1,1
1,36.0,1,0,4795.0,1,4,4.0,1,0,1.0,2,30.0,0,0,1.0,2,1.0,0,0,1
0,27.0,1,0,3416.0,1,1,3.0,0,0,2.0,3,27.0,0,0,1.0,2,1.0,1,0,1
0,18.0,1,2,2462.0,1,1,2.0,0,0,2.0,3,22.0,0,0,1.0,0,1.0,1,0,2
2,21.0,0,2,2288.0,1,4,4.0,1,0,4.0,1,23.0,0,0,1.0,0,1.0,0,0,1
1,48.0,4,5,3566.0,4,2,4.0,0,0,2.0,3,30.0,0,0,1.0,0,1.0,1,0,1
0,6.0,0,3,860.0,1,0,1.0,1,0,4.0,2,39.0,0,0,2.0,0,1.0,0,0,1
2,12.0,0,3,682.0,4,2,4.0,1,0,3.0,3,51.0,0,0,2.0,0,1.0,0,0,1
0,36.0,0,2,5371.0,1,1,3.0,0,1,2.0,1,28.0,0,0,2.0,0,1.0,1,0,1
2,18.0,0,0,1582.0,3,0,4.0,0,0,4.0,3,46.0,0,0,2.0,0,1.0,1,0,1
2,6.0,1,0,1346.0,4,0,2.0,0,0,4.0,2,42.0,1,1,1.0,0,2.0,0,0,1
2,10.0,1,0,1924.0,1,1,1.0,0,0,4.0,1,38.0,0,0,1.0,0,1.0,0,1,1
3,36.0,1,0,5848.0,1,1,4.0,0,0,1.0,3,24.0,0,0,1.0,0,1.0,1,0,1
1,24.0,0,4,7758.0,3,0,2.0,1,0,4.0,2,29.0,0,2,1.0,0,1.0,1,0,1
1,24.0,2,5,6967.0,4,2,4.0,0,0,4.0,3,36.0,0,2,1.0,2,1.0,0,0,1
0,12.0,1,2,1282.0,1,1,2.0,1,0,4.0,3,20.0,0,2,1.0,0,1.0,1,0,2
0,9.0,0,7,1288.0,4,0,3.0,0,1,4.0,0,48.0,0,0,2.0,0,2.0,1,1,1
0,12.0,4,9,339.0,1,0,4.0,3,0,1.0,3,45.0,1,0,1.0,1,1.0,1,0,1
1,24.0,1,3,3512.0,4,2,2.0,0,0,3.0,3,38.0,1,0,2.0,0,1.0,0,0,1
2,6.0,0,0,1898.0,0,1,1.0,0,0,2.0,0,34.0,0,0,2.0,1,2.0,1,0,1
2,24.0,0,0,2872.0,4,0,3.0,0,0,4.0,0,36.0,0,0,1.0,0,2.0,0,0,1
2,18.0,0,3,1055.0,1,4,4.0,1,0,1.0,1,30.0,0,0,2.0,0,1.0,1,0,1
2,15.0,1,6,1262.0,2,2,4.0,0,0,3.0,1,36.0,0,0,2.0,0,1.0,0,0,1
1,10.0,1,3,7308.0,1,3,2.0,0,0,4.0,2,70.0,1,1,1.0,2,1.0,0,0,1
2,36.0,1,3,909.0,2,0,4.0,0,0,4.0,1,36.0,0,0,1.0,0,1.0,1,0,1
2,6.0,1,2,2978.0,2,1,1.0,0,0,2.0,3,32.0,0,0,1.0,0,1.0,0,0,1
0,18.0,1,2,1131.0,1,3,4.0,1,0,2.0,3,33.0,0,0,1.0,0,1.0,1,0,2
1,11.0,1,2,1577.0,3,4,4.0,1,0,1.0,0,20.0,0,0,1.0,0,1.0,1,0,1
2,24.0,1,2,3972.0,1,2,2.0,1,0,4.0,1,25.0,0,2,1.0,0,1.0,0,0,1
1,24.0,0,5,1935.0,1,0,4.0,2,0,4.0,0,31.0,0,0,2.0,0,1.0,0,0,2
0,15.0,3,3,950.0,1,0,4.0,0,0,3.0,3,33.0,0,2,2.0,0,2.0,1,0,2
2,12.0,1,2,763.0,1,1,4.0,1,0,1.0,0,26.0,0,0,1.0,0,1.0,0,0,1
1,24.0,2,2,2064.0,1,3,3.0,1,0,2.0,1,34.0,0,0,1.0,2,1.0,0,0,2
1,8.0,1,0,1414.0,1,1,4.0,0,1,2.0,0,33.0,0,0,1.0,0,1.0,1,1,1
0,21.0,2,1,3414.0,1,4,2.0,0,0,1.0,1,26.0,0,0,2.0,0,1.0,1,0,2
2,30.0,4,4,7485.0,0,3,4.0,1,0,1.0,0,53.0,1,0,1.0,2,1.0,0,0,2
0,12.0,1,2,2577.0,1,1,2.0,2,0,1.0,3,42.0,0,0,1.0,0,1.0,1,0,1
0,6.0,0,0,338.0,2,0,4.0,0,0,4.0,3,52.0,0,0,2.0,0,1.0,1,0,1
2,12.0,1,0,1963.0,1,2,4.0,0,0,2.0,3,31.0,0,2,2.0,2,2.0,0,0,1
0,21.0,0,3,571.0,1,0,4.0,0,0,4.0,0,65.0,0,0,2.0,0,1.0,1,0,1
2,36.0,2,5,9572.0,1,4,1.0,2,0,1.0,3,28.0,0,0,2.0,0,1.0,1,0,2
1,36.0,2,5,4455.0,1,1,2.0,2,0,2.0,0,30.0,2,0,2.0,2,1.0,0,0,2
0,21.0,4,3,1647.0,0,1,4.0,0,0,2.0,1,40.0,0,0,2.0,1,2.0,1,0,2
2,24.0,0,2,3777.0,3,1,4.0,0,0,4.0,0,50.0,0,0,1.0,0,1.0,0,0,1
1,18.0,0,3,884.0,1,0,4.0,0,0,4.0,3,36.0,1,0,1.0,0,2.0,0,0,2
2,15.0,0,0,1360.0,1,1,4.0,0,0,2.0,1,31.0,0,0,2.0,0,1.0,1,0,1
1,9.0,4,4,5129.0,1,0,2.0,1,0,4.0,2,74.0,1,1,1.0,2,2.0,0,0,2
1,16.0,0,3,1175.0,1,3,2.0,0,0,3.0,3,68.0,0,1,3.0,3,1.0,0,0,1
0,12.0,1,0,674.0,4,2,4.0,3,0,1.0,1,20.0,0,0,1.0,0,1.0,1,0,2
1,18.0,3,2,3244.0,1,1,1.0,1,0,4.0,3,33.0,1,0,2.0,0,1.0,0,0,1
2,24.0,1,5,4591.0,3,1,2.0,0,0,3.0,1,54.0,0,0,3.0,2,1.0,0,0,2
1,48.0,3,5,3844.0,4,2,4.0,0,0,4.0,2,34.0,0,1,1.0,1,2.0,1,0,2
1,27.0,1,5,3915.0,1,1,4.0,0,0,2.0,3,36.0,0,0,1.0,0,2.0,0,0,2
2,6.0,1,0,2108.0,1,2,2.0,3,0,2.0,0,29.0,0,2,1.0,0,1.0,1,0,1
1,45.0,1,0,3031.0,4,1,4.0,0,1,4.0,1,21.0,0,2,1.0,0,1.0,1,0,2
1,9.0,0,1,1501.0,1,0,2.0,1,0,3.0,3,34.0,0,0,2.0,2,1.0,0,0,2
2,6.0,0,0,1382.0,1,1,1.0,1,0,1.0,3,28.0,0,0,2.0,0,1.0,0,0,1
1,12.0,1,2,951.0,4,4,4.0,1,0,4.0,3,27.0,1,2,4.0,0,1.0,1,0,2
1,24.0,1,4,2760.0,0,0,4.0,0,0,4.0,2,36.0,1,1,1.0,0,1.0,0,0,1
1,18.0,2,2,4297.0,1,0,4.0,2,0,3.0,2,40.0,0,0,1.0,2,1.0,0,0,2
2,9.0,0,1,936.0,2,0,4.0,0,0,2.0,3,52.0,0,0,2.0,0,1.0,0,0,1
0,12.0,1,3,1168.0,1,1,4.0,3,0,3.0,0,27.0,0,0,1.0,1,1.0,1,0,1
2,27.0,2,5,5117.0,1,2,3.0,0,0,4.0,3,26.0,0,0,2.0,0,1.0,1,0,1
0,12.0,1,9,902.0,1,2,4.0,3,0,4.0,1,21.0,0,2,1.0,0,1.0,1,0,2
2,12.0,0,3,1495.0,1,0,4.0,0,0,1.0,0,38.0,0,0,2.0,1,2.0,1,0,1
0,30.0,0,4,10623.0,1,0,3.0,0,0,4.0,2,38.0,0,1,3.0,2,2.0,0,0,1
2,12.0,0,2,1935.0,1,0,4.0,0,0,4.0,0,43.0,0,0,3.0,0,1.0,0,0,1
1,12.0,0,6,1424.0,1,2,4.0,0,0,3.0,1,26.0,0,0,1.0,0,1.0,1,0,1
0,24.0,1,5,6568.0,1,1,2.0,3,0,2.0,3,21.0,2,0,1.0,1,1.0,1,0,1
2,12.0,1,4,1413.0,3,2,3.0,0,0,2.0,1,55.0,0,0,1.0,0,1.0,1,1,1
2,9.0,0,0,3074.0,0,1,1.0,0,0,2.0,0,33.0,0,0,2.0,0,2.0,1,0,1
2,36.0,1,0,3835.0,0,0,2.0,1,0,4.0,0,45.0,0,0,1.0,1,1.0,0,0,1
0,27.0,3,5,5293.0,1,3,2.0,0,0,4.0,1,50.0,2,0,2.0,0,1.0,0,0,2
3,30.0,2,5,1908.0,1,0,4.0,0,0,4.0,0,66.0,0,0,1.0,2,1.0,0,0,2
2,36.0,0,0,3342.0,0,0,4.0,0,0,2.0,3,51.0,0,0,1.0,0,1.0,0,0,1
1,6.0,0,9,932.0,0,2,1.0,1,0,3.0,1,39.0,0,0,2.0,1,1.0,1,0,1
0,18.0,3,5,3104.0,1,2,3.0,0,0,1.0,1,31.0,1,0,1.0,0,1.0,0,0,1
3,36.0,1,0,3913.0,1,1,2.0,0,0,2.0,0,23.0,0,0,1.0,0,1.0,0,0,1
0,24.0,1,2,3021.0,1,1,2.0,2,0,2.0,0,24.0,0,2,1.0,1,1.0,1,0,1
2,10.0,1,3,1364.0,1,1,2.0,1,0,4.0,3,64.0,0,0,1.0,0,1.0,0,0,1
1,12.0,1,0,625.0,1,4,4.0,3,1,1.0,0,26.0,1,0,1.0,1,1.0,1,0,1
0,12.0,1,1,1200.0,0,1,4.0,1,0,4.0,1,23.0,1,2,1.0,0,1.0,0,0,1
2,12.0,1,0,707.0,1,1,4.0,0,0,2.0,0,30.0,1,0,2.0,0,1.0,1,0,1
2,24.0,2,5,2978.0,0,1,4.0,0,0,4.0,0,32.0,0,0,2.0,0,2.0,0,0,1
2,15.0,1,4,4657.0,1,1,3.0,0,0,2.0,3,30.0,0,0,1.0,0,1.0,0,0,1
2,36.0,3,7,2613.0,1,1,4.0,0,0,2.0,3,27.0,0,0,2.0,0,1.0,1,0,1
1,48.0,1,0,10961.0,3,2,1.0,0,2,2.0,2,27.0,1,0,2.0,0,1.0,0,0,2
0,12.0,1,2,7865.0,1,0,4.0,0,0,4.0,2,53.0,0,1,1.0,2,1.0,0,0,2
2,9.0,1,0,1478.0,1,2,4.0,0,0,2.0,3,22.0,0,0,1.0,0,1.0,1,0,2
0,24.0,1,2,3149.0,1,4,4.0,0,0,1.0,2,22.0,1,1,1.0,0,1.0,1,0,1
3,36.0,1,0,4210.0,1,1,4.0,0,0,2.0,3,26.0,0,0,1.0,0,1.0,1,0,2
2,9.0,1,3,2507.0,2,0,2.0,0,0,4.0,2,51.0,0,1,1.0,1,1.0,1,0,1
2,12.0,1,0,2141.0,4,2,3.0,0,0,1.0,2,35.0,0,0,1.0,0,1.0,1,0,1
1,18.0,1,0,866.0,1,1,4.0,3,1,2.0,0,25.0,0,0,1.0,1,1.0,1,0,1
2,4.0,0,0,1544.0,1,2,2.0,0,0,1.0,0,42.0,0,0,3.0,1,2.0,1,0,1
0,24.0,1,0,1823.0,1,3,4.0,0,0,2.0,3,30.0,2,0,1.0,2,2.0,1,0,2
1,6.0,1,3,14555.0,0,3,1.0,0,0,2.0,1,23.0,0,0,1.0,3,1.0,0,0,2
1,21.0,1,5,2767.0,4,0,4.0,2,0,2.0,3,61.0,1,2,2.0,1,1.0,1,0,2
2,12.0,0,0,1291.0,1,1,4.0,1,0,2.0,1,35.0,0,0,2.0,0,1.0,1,0,1
0,30.0,1,0,2522.0,1,0,1.0,0,1,3.0,1,39.0,0,0,1.0,0,2.0,1,0,1
0,24.0,1,3,915.0,0,0,4.0,1,0,2.0,3,29.0,1,0,1.0,0,1.0,1,0,2
2,6.0,1,0,1595.0,1,2,3.0,0,0,2.0,1,51.0,0,0,1.0,0,2.0,1,0,1
0,48.0,3,4,4605.0,1,0,3.0,0,0,4.0,2,24.0,0,1,2.0,0,2.0,1,0,2
2,12.0,0,5,1185.0,1,1,3.0,1,0,2.0,0,27.0,0,0,2.0,0,1.0,1,0,1
2,12.0,4,9,3447.0,2,1,4.0,1,0,3.0,0,35.0,0,0,1.0,1,2.0,1,0,1
2,24.0,1,5,1258.0,1,2,4.0,0,0,1.0,0,25.0,0,0,1.0,0,1.0,0,0,1
2,12.0,0,0,717.0,1,0,4.0,0,0,4.0,0,52.0,0,0,3.0,0,1.0,1,0,1
2,6.0,3,3,1204.0,4,1,4.0,0,0,1.0,2,35.0,1,2,1.0,0,1.0,1,1,1
3,24.0,1,2,1925.0,1,1,2.0,0,0,2.0,0,26.0,0,0,1.0,0,1.0,1,0,1
2,18.0,1,0,433.0,1,3,3.0,1,2,4.0,0,22.0,0,2,1.0,0,1.0,1,0,2
0,6.0,0,3,666.0,3,2,3.0,1,0,4.0,0,39.0,0,0,2.0,1,1.0,0,0,1
3,12.0,1,2,2251.0,1,1,1.0,1,0,2.0,3,46.0,0,0,1.0,1,1.0,1,0,1
1,30.0,1,3,2150.0,1,1,4.0,1,1,2.0,2,24.0,1,0,1.0,0,1.0,1,0,2
2,24.0,2,2,4151.0,4,1,2.0,0,0,3.0,1,35.0,0,0,2.0,0,1.0,1,0,1
1,9.0,1,2,2030.0,0,2,2.0,0,0,1.0,3,24.0,0,0,1.0,0,1.0,0,0,1
1,60.0,2,0,7418.0,0,1,1.0,0,0,1.0,0,27.0,0,0,1.0,1,1.0,1,0,1
2,24.0,0,0,2684.0,1,1,4.0,0,0,2.0,0,35.0,0,0,2.0,1,1.0,1,0,1
0,12.0,4,0,2149.0,1,1,4.0,2,0,1.0,2,29.0,0,1,1.0,0,1.0,1,0,2
2,15.0,1,4,3812.0,4,4,1.0,1,0,4.0,3,23.0,0,0,1.0,0,1.0,0,0,1
2,11.0,0,0,1154.0,4,3,4.0,1,0,4.0,0,57.0,0,0,3.0,1,1.0,1,0,1
0,12.0,1,2,1657.0,1,1,2.0,0,0,2.0,0,27.0,0,0,1.0,0,1.0,1,0,1
0,24.0,1,0,1603.0,1,0,4.0,1,0,4.0,3,55.0,0,0,1.0,0,1.0,1,0,1
0,18.0,0,3,5302.0,1,0,2.0,0,0,4.0,2,36.0,0,1,3.0,2,1.0,0,0,1
2,12.0,0,1,2748.0,1,0,2.0,1,0,4.0,2,57.0,1,1,3.0,1,1.0,1,0,1
2,10.0,0,3,1231.0,1,0,3.0,0,0,4.0,0,32.0,0,0,2.0,1,2.0,1,1,1
1,15.0,1,0,802.0,1,0,4.0,0,0,3.0,3,37.0,0,0,1.0,0,2.0,1,0,2
2,36.0,0,5,6304.0,0,0,4.0,0,0,4.0,0,36.0,0,0,2.0,0,1.0,1,0,1
2,24.0,1,0,1533.0,1,4,4.0,1,0,3.0,3,38.0,2,0,1.0,0,1.0,0,0,1
0,14.0,1,3,8978.0,1,0,1.0,2,0,4.0,1,45.0,0,0,1.0,2,1.0,0,1,2
2,24.0,1,0,999.0,0,0,4.0,0,0,2.0,3,25.0,0,0,2.0,0,1.0,1,0,1
2,18.0,1,3,2662.0,0,2,4.0,0,0,3.0,1,32.0,0,0,1.0,0,1.0,1,1,1
2,12.0,0,2,1402.0,2,2,3.0,1,0,4.0,3,37.0,0,2,1.0,0,1.0,0,0,1
1,48.0,4,3,12169.0,0,3,4.0,0,2,4.0,2,36.0,0,1,1.0,2,1.0,0,0,1
1,48.0,1,0,3060.0,1,2,4.0,0,0,4.0,0,28.0,0,0,2.0,0,1.0,1,0,2
0,30.0,1,7,11998.0,1,4,1.0,2,0,1.0,2,34.0,0,0,1.0,1,1.0,0,0,2
2,9.0,1,0,2697.0,1,1,1.0,0,0,2.0,0,32.0,0,0,1.0,0,2.0,1,0,1
2,18.0,0,0,2404.0,1,1,2.0,1,0,2.0,3,26.0,0,0,2.0,0,1.0,1,0,1
0,12.0,1,2,1262.0,0,0,2.0,2,0,4.0,1,49.0,0,0,1.0,1,1.0,0,0,1
2,6.0,1,2,4611.0,1,4,1.0,1,0,4.0,1,32.0,0,0,1.0,0,1.0,1,0,2
2,24.0,1,0,1901.0,4,1,4.0,0,0,4.0,3,29.0,0,2,1.0,2,1.0,0,0,1
2,15.0,0,4,3368.0,3,0,3.0,0,0,4.0,2,23.0,0,2,2.0,0,1.0,0,0,1
2,12.0,1,2,1574.0,1,1,4.0,0,0,2.0,0,50.0,0,0,1.0,0,1.0,1,0,1
3,18.0,4,0,1445.0,0,2,4.0,0,0,4.0,3,49.0,1,0,1.0,1,1.0,1,0,1
2,15.0,0,2,1520.0,0,0,4.0,0,0,4.0,1,63.0,0,0,1.0,0,1.0,1,0,1
1,24.0,0,3,3878.0,4,4,4.0,2,0,2.0,3,37.0,0,0,1.0,0,1.0,0,0,1
0,47.0,1,3,10722.0,1,4,1.0,1,0,1.0,0,35.0,0,0,1.0,1,1.0,0,0,1
0,48.0,1,4,4788.0,1,2,4.0,0,0,3.0,1,26.0,0,0,1.0,0,2.0,1,0,1
1,48.0,2,8,7582.0,4,3,2.0,0,0,4.0,2,31.0,0,1,1.0,2,1.0,0,0,1
1,12.0,1,0,1092.0,1,1,4.0,1,1,4.0,0,49.0,0,0,2.0,0,1.0,0,0,1
0,24.0,2,0,1024.0,1,4,4.0,3,0,4.0,0,48.0,2,0,1.0,0,1.0,1,0,2
2,12.0,1,5,1076.0,1,1,2.0,3,0,2.0,0,26.0,0,0,1.0,0,1.0,0,1,1
1,36.0,1,4,9398.0,1,4,1.0,3,0,4.0,3,28.0,0,2,1.0,2,1.0,0,0,2
0,24.0,0,4,6419.0,1,0,2.0,1,0,4.0,2,44.0,0,1,2.0,2,2.0,0,0,1
3,42.0,0,4,4796.0,1,0,4.0,0,0,4.0,2,56.0,0,1,1.0,0,1.0,1,0,1
2,48.0,0,5,7629.0,0,0,4.0,2,0,2.0,3,46.0,1,0,2.0,2,2.0,1,0,1
1,48.0,1,2,9960.0,1,4,1.0,1,0,2.0,3,26.0,0,0,1.0,0,1.0,0,0,2
2,12.0,1,4,4675.0,0,4,1.0,1,0,4.0,3,20.0,0,2,1.0,0,1.0,1,0,1
2,10.0,1,3,1287.0,0,0,4.0,0,2,2.0,1,45.0,0,0,1.0,1,1.0,1,1,1
2,18.0,1,2,2515.0,1,1,3.0,0,0,4.0,0,43.0,0,0,1.0,0,1.0,0,0,1
1,21.0,0,2,2745.0,3,2,3.0,0,0,2.0,3,32.0,0,0,2.0,0,1.0,0,0,1
2,6.0,1,3,672.0,1,3,1.0,1,0,4.0,0,54.0,0,0,1.0,3,1.0,0,0,1
1,36.0,3,0,3804.0,1,1,4.0,1,0,1.0,3,42.0,0,0,1.0,0,1.0,0,0,2
3,24.0,0,3,1344.0,0,2,4.0,0,0,2.0,0,37.0,1,0,2.0,1,2.0,1,0,2
0,10.0,0,3,1038.0,1,2,4.0,0,2,3.0,1,49.0,0,0,2.0,0,1.0,0,0,1
2,48.0,0,3,10127.0,2,1,2.0,0,0,2.0,2,44.0,1,1,1.0,0,1.0,1,0,2
2,6.0,1,2,1543.0,3,1,4.0,2,0,2.0,0,33.0,0,0,1.0,0,1.0,1,0,1
2,30.0,1,4,4811.0,0,2,2.0,1,0,4.0,1,24.0,2,2,1.0,1,1.0,1,0,1
0,12.0,1,0,727.0,4,4,4.0,3,0,3.0,2,33.0,0,0,1.0,1,1.0,0,0,2
1,8.0,1,2,1237.0,1,1,3.0,1,0,4.0,0,24.0,0,0,1.0,0,1.0,1,0,2
1,9.0,1,3,276.0,1,1,4.0,3,0,4.0,0,22.0,0,2,1.0,1,1.0,1,0,1
1,48.0,1,8,5381.0,0,3,3.0,0,0,4.0,2,40.0,1,1,1.0,3,1.0,0,0,1
2,24.0,1,2,5511.0,4,1,4.0,0,0,1.0,3,25.0,2,0,1.0,0,1.0,1,0,1
3,24.0,1,2,3749.0,1,4,2.0,1,0,4.0,3,26.0,0,0,1.0,0,1.0,1,0,1
1,12.0,1,3,685.0,1,2,2.0,3,0,3.0,3,25.0,1,0,1.0,1,1.0,1,0,2
3,4.0,1,3,1494.0,0,4,1.0,0,0,2.0,0,29.0,0,0,1.0,1,2.0,1,1,1
0,36.0,4,2,2746.0,1,0,4.0,0,0,4.0,3,31.0,1,0,1.0,0,1.0,1,0,2
0,12.0,1,2,708.0,1,1,2.0,0,1,3.0,1,38.0,0,0,1.0,1,2.0,1,0,1
1,24.0,1,2,4351.0,0,1,1.0,1,0,4.0,1,48.0,0,0,1.0,1,1.0,0,0,1
2,12.0,0,1,701.0,1,1,4.0,0,0,2.0,3,32.0,0,0,2.0,0,1.0,1,0,1
0,15.0,2,2,3643.0,1,0,1.0,1,0,4.0,1,27.0,0,0,2.0,1,1.0,1,0,1
1,30.0,0,3,4249.0,1,3,4.0,3,0,2.0,3,28.0,0,0,2.0,2,1.0,1,0,2
0,24.0,1,0,1938.0,1,4,4.0,2,0,3.0,1,32.0,0,0,1.0,0,1.0,1,0,2
0,24.0,1,4,2910.0,1,2,2.0,0,0,1.0,2,34.0,0,1,1.0,2,1.0,0,0,1
0,18.0,1,2,2659.0,3,1,4.0,0,0,2.0,3,28.0,0,0,1.0,0,1.0,1,0,1
2,18.0,0,3,1028.0,1,1,4.0,1,0,3.0,0,36.0,0,0,2.0,0,1.0,1,0,1
0,8.0,0,3,3398.0,1,2,1.0,0,0,4.0,0,39.0,0,0,2.0,1,1.0,1,1,1
2,12.0,0,2,5801.0,0,0,2.0,0,0,4.0,1,49.0,0,2,1.0,0,1.0,0,0,1
2,24.0,1,3,1525.0,3,2,4.0,1,0,3.0,3,34.0,0,0,1.0,0,2.0,0,0,1
3,36.0,1,0,4473.0,1,0,4.0,0,0,2.0,3,31.0,0,0,1.0,0,1.0,1,0,1
1,6.0,1,0,1068.0,1,0,4.0,0,0,4.0,3,28.0,0,0,1.0,0,2.0,1,0,1
0,24.0,0,4,6615.0,1,3,2.0,0,0,4.0,2,75.0,0,1,2.0,2,1.0,0,0,1
2,18.0,0,1,1864.0,4,1,4.0,1,0,2.0,0,30.0,0,0,2.0,0,1.0,1,0,2
1,60.0,1,3,7408.0,4,4,4.0,1,0,2.0,1,24.0,0,0,1.0,2,1.0,1,0,2
2,48.0,0,4,11590.0,4,1,2.0,1,0,4.0,3,24.0,1,2,2.0,1,1.0,1,0,2
0,24.0,3,2,4110.0,1,0,3.0,0,0,4.0,2,23.0,1,2,2.0,0,2.0,1,0,2
0,6.0,0,2,3384.0,1,1,1.0,2,0,4.0,0,44.0,0,2,1.0,2,1.0,0,0,2
1,13.0,1,0,2101.0,1,4,2.0,1,1,4.0,1,23.0,0,0,1.0,1,1.0,1,0,1
0,15.0,1,6,1275.0,0,1,4.0,1,0,2.0,3,24.0,0,2,1.0,0,1.0,1,0,2
0,24.0,1,2,4169.0,1,1,4.0,0,0,4.0,1,28.0,0,0,1.0,0,1.0,1,0,1
1,10.0,1,2,1521.0,1,1,4.0,2,0,2.0,3,31.0,0,0,1.0,1,1.0,1,0,1
1,24.0,0,1,5743.0,1,4,2.0,1,0,4.0,2,24.0,0,1,2.0,0,1.0,0,0,1
0,21.0,1,2,3599.0,1,2,1.0,1,0,4.0,3,26.0,0,2,1.0,1,1.0,1,0,1
1,18.0,1,0,3213.0,2,4,1.0,3,0,3.0,0,25.0,0,2,1.0,0,1.0,1,0,1
1,18.0,1,5,4439.0,1,0,1.0,0,2,1.0,0,33.0,1,0,1.0,2,1.0,0,0,1
3,10.0,1,3,3949.0,1,4,1.0,0,1,1.0,1,37.0,0,0,1.0,1,2.0,1,0,1
2,15.0,0,0,1459.0,1,1,4.0,1,0,2.0,3,43.0,0,0,1.0,1,1.0,1,0,1
1,13.0,0,0,882.0,1,4,4.0,0,1,4.0,0,23.0,0,0,2.0,0,1.0,1,0,1
1,24.0,1,0,3758.0,2,3,1.0,1,0,4.0,2,23.0,0,2,1.0,3,1.0,1,0,1
2,6.0,2,5,1743.0,4,1,1.0,0,0,2.0,0,34.0,0,0,2.0,1,1.0,1,0,1
1,9.0,0,1,1136.0,3,0,4.0,0,0,3.0,2,32.0,0,1,2.0,0,2.0,1,0,2
2,9.0,1,6,1236.0,1,4,1.0,1,0,4.0,0,23.0,0,2,1.0,0,1.0,0,0,1
1,9.0,1,2,959.0,1,1,1.0,1,0,2.0,3,29.0,0,0,1.0,0,1.0,1,1,2
2,18.0,0,4,3229.0,0,3,2.0,0,0,4.0,2,38.0,0,0,1.0,2,1.0,0,0,1
0,12.0,3,0,6199.0,1,1,4.0,0,0,2.0,1,28.0,0,2,2.0,0,1.0,0,0,2
2,10.0,1,1,727.0,2,0,4.0,0,0,4.0,2,46.0,0,1,1.0,0,1.0,0,0,1
1,24.0,1,3,1246.0,1,4,4.0,0,0,2.0,0,23.0,2,0,1.0,1,1.0,1,0,2
2,12.0,0,0,2331.0,0,0,1.0,0,2,4.0,0,49.0,0,0,1.0,0,1.0,0,0,1
2,36.0,2,0,4463.0,1,1,4.0,0,0,2.0,3,26.0,0,0,2.0,2,1.0,0,0,2
2,12.0,1,0,776.0,1,1,4.0,3,0,2.0,0,28.0,0,0,1.0,0,1.0,1,0,1
0,30.0,1,2,2406.0,1,2,4.0,1,0,4.0,0,23.0,0,2,1.0,0,1.0,1,0,2
1,18.0,1,1,1239.0,0,1,4.0,0,0,4.0,2,61.0,0,1,1.0,0,1.0,1,0,1
3,12.0,1,0,3399.0,0,0,2.0,0,0,3.0,3,37.0,0,0,1.0,2,1.0,1,0,1
3,12.0,2,3,2247.0,1,1,2.0,1,0,2.0,3,36.0,2,0,2.0,0,1.0,0,0,1
2,6.0,1,2,1766.0,1,1,1.0,3,0,2.0,1,21.0,0,2,1.0,0,1.0,1,0,1
0,18.0,1,2,2473.0,1,3,4.0,0,0,1.0,3,25.0,0,0,1.0,3,1.0,1,0,2
2,12.0,1,5,1542.0,1,2,2.0,0,0,4.0,3,36.0,0,0,1.0,0,1.0,0,0,1
2,18.0,0,4,3850.0,1,2,3.0,0,0,1.0,3,27.0,0,0,2.0,0,1.0,1,0,1
0,18.0,1,2,3650.0,1,4,1.0,1,0,4.0,3,22.0,0,2,1.0,0,1.0,1,0,1
0,36.0,1,2,3446.0,1,0,4.0,0,0,2.0,3,42.0,0,0,1.0,0,2.0,1,0,2
1,18.0,1,2,3001.0,1,2,2.0,1,0,4.0,0,40.0,0,2,1.0,0,1.0,1,0,1
2,36.0,1,3,3079.0,0,1,4.0,0,0,4.0,0,36.0,0,0,1.0,0,1.0,1,0,1
2,18.0,0,0,6070.0,1,0,3.0,0,0,4.0,3,33.0,0,0,2.0,0,1.0,0,0,1
2,10.0,0,2,2146.0,1,4,1.0,1,0,3.0,0,23.0,0,2,2.0,0,1.0,1,0,1
2,60.0,0,3,13756.0,0,0,2.0,0,0,4.0,2,63.0,1,1,1.0,2,1.0,0,0,1
1,60.0,4,8,14782.0,4,0,3.0,1,0,4.0,2,60.0,1,1,2.0,2,1.0,0,0,2
0,48.0,4,5,7685.0,1,2,2.0,1,1,4.0,3,37.0,0,2,1.0,0,1.0,1,0,2
2,18.0,2,0,2320.0,1,3,2.0,3,0,3.0,0,34.0,0,0,2.0,0,1.0,1,0,1
2,7.0,2,0,846.0,0,0,3.0,0,0,4.0,2,36.0,0,1,1.0,0,1.0,1,0,1
1,36.0,1,3,14318.0,1,0,4.0,0,0,2.0,2,57.0,0,1,1.0,2,1.0,0,0,2
2,6.0,0,3,362.0,4,1,4.0,1,0,4.0,3,52.0,0,0,2.0,1,1.0,1,0,1
0,20.0,1,2,2212.0,0,2,4.0,0,0,4.0,3,39.0,0,0,1.0,0,1.0,0,0,1
1,18.0,1,4,12976.0,1,3,3.0,1,0,4.0,2,38.0,0,1,1.0,2,1.0,0,0,2
2,22.0,1,3,1283.0,0,2,4.0,1,0,4.0,1,25.0,0,2,1.0,0,1.0,1,0,1
3,12.0,1,3,1330.0,1,4,4.0,0,0,1.0,0,26.0,0,0,1.0,0,1.0,1,0,1
2,30.0,2,5,4272.0,4,1,2.0,0,0,2.0,1,26.0,0,0,2.0,1,1.0,1,0,1
2,18.0,0,0,2238.0,1,1,2.0,1,0,1.0,3,25.0,0,0,2.0,0,1.0,1,0,1
2,18.0,1,0,1126.0,0,4,4.0,1,0,2.0,0,21.0,0,2,1.0,0,1.0,0,0,1
1,18.0,0,2,7374.0,1,3,4.0,0,0,4.0,1,40.0,2,0,2.0,2,1.0,0,0,1
1,15.0,0,5,2326.0,2,1,2.0,0,0,4.0,3,27.0,1,0,1.0,0,1.0,1,0,1
2,9.0,1,5,1449.0,1,2,3.0,1,0,2.0,3,27.0,0,0,2.0,0,1.0,1,0,1
2,18.0,1,3,1820.0,1,1,2.0,3,0,2.0,1,30.0,0,0,1.0,2,1.0,0,0,1
1,12.0,1,2,983.0,3,4,1.0,1,0,4.0,0,19.0,0,2,1.0,1,1.0,1,0,1
0,36.0,1,3,3249.0,1,2,2.0,0,0,4.0,2,39.0,1,1,1.0,2,2.0,0,0,1
0,6.0,0,0,1957.0,1,2,1.0,1,0,4.0,3,31.0,0,0,1.0,0,1.0,1,0,1
2,9.0,0,2,2406.0,1,3,2.0,0,0,3.0,3,31.0,0,0,1.0,2,1.0,1,0,1
1,39.0,2,1,11760.0,4,2,2.0,0,0,3.0,2,32.0,0,2,1.0,0,1.0,0,0,1
0,12.0,1,2,2578.0,1,3,3.0,1,0,4.0,2,55.0,0,1,1.0,2,1.0,1,0,1
0,36.0,0,2,2348.0,1,1,3.0,3,0,2.0,1,46.0,0,0,2.0,0,1.0,0,0,1
1,12.0,1,3,1223.0,1,0,1.0,2,0,1.0,0,46.0,0,2,2.0,0,1.0,1,0,2
2,24.0,0,0,1516.0,3,1,4.0,1,0,1.0,0,43.0,0,0,2.0,1,1.0,1,0,1
2,18.0,1,0,1473.0,1,4,3.0,3,0,4.0,0,39.0,0,0,1.0,0,1.0,0,0,1
1,18.0,0,5,1887.0,0,1,4.0,3,0,4.0,0,28.0,1,0,2.0,0,1.0,1,0,1
2,24.0,2,5,8648.0,1,4,2.0,0,0,2.0,3,27.0,1,0,2.0,0,1.0,0,0,2
2,14.0,2,3,802.0,1,1,4.0,0,0,2.0,3,27.0,0,0,2.0,1,1.0,1,0,1
1,18.0,2,3,2899.0,0,0,4.0,0,0,4.0,3,43.0,0,0,1.0,0,2.0,1,0,1
1,24.0,1,0,2039.0,1,4,1.0,3,0,1.0,1,22.0,0,0,1.0,0,1.0,0,0,2
2,24.0,0,4,2197.0,0,2,4.0,0,0,4.0,3,43.0,0,0,2.0,0,2.0,0,0,1
0,15.0,1,0,1053.0,1,4,4.0,3,0,2.0,0,27.0,0,0,1.0,0,1.0,1,1,1
2,24.0,1,0,3235.0,2,0,3.0,2,0,2.0,3,26.0,0,0,1.0,2,1.0,0,0,1
3,12.0,0,3,939.0,2,2,4.0,3,0,2.0,0,28.0,0,0,3.0,0,1.0,0,0,2
1,24.0,1,0,1967.0,1,0,4.0,1,0,4.0,3,20.0,0,0,1.0,0,1.0,0,0,1
2,33.0,0,4,7253.0,1,2,3.0,0,0,2.0,3,35.0,0,0,2.0,2,1.0,0,0,1
2,12.0,0,5,2292.0,1,3,4.0,0,0,2.0,3,42.0,2,0,2.0,2,1.0,0,0,2
2,10.0,1,3,1597.0,2,1,3.0,0,0,2.0,2,40.0,0,2,1.0,1,2.0,1,1,1
0,24.0,1,3,1381.0,0,1,4.0,1,0,2.0,1,35.0,0,0,1.0,0,1.0,1,0,2
2,36.0,0,4,5842.0,1,0,2.0,0,0,2.0,1,35.0,0,0,2.0,0,2.0,0,0,1
0,12.0,1,3,2579.0,1,4,4.0,0,0,1.0,0,33.0,0,0,1.0,1,2.0,1,0,2
0,18.0,2,1,8471.0,0,1,1.0,1,0,2.0,3,23.0,0,2,2.0,0,1.0,0,0,1
2,21.0,1,3,2782.0,2,2,1.0,1,0,2.0,3,31.0,1,0,1.0,2,1.0,1,0,1
1,18.0,1,3,1042.0,0,1,4.0,1,0,2.0,1,33.0,0,0,1.0,0,1.0,1,0,2
2,15.0,1,3,3186.0,3,2,2.0,1,0,3.0,3,20.0,0,2,1.0,0,1.0,1,0,1
1,12.0,1,4,2028.0,0,1,4.0,0,0,2.0,3,30.0,0,0,1.0,0,1.0,1,0,1
1,12.0,0,3,958.0,1,2,2.0,0,0,3.0,0,47.0,0,0,2.0,1,2.0,1,0,1
2,21.0,2,2,1591.0,4,2,4.0,0,0,3.0,0,34.0,0,0,2.0,2,1.0,1,0,1
1,12.0,1,2,2762.0,0,0,1.0,1,0,2.0,1,25.0,1,0,1.0,0,1.0,0,0,2
1,18.0,1,4,2779.0,1,1,1.0,3,0,3.0,3,21.0,0,2,1.0,0,1.0,0,0,1
2,28.0,0,0,2743.0,1,0,4.0,0,0,2.0,3,29.0,0,0,2.0,0,1.0,1,0,1
2,18.0,0,0,1149.0,3,1,4.0,0,0,3.0,0,46.0,0,0,2.0,0,1.0,1,0,1
2,9.0,1,2,1313.0,1,0,1.0,0,0,4.0,3,20.0,0,0,1.0,0,1.0,1,0,1
0,18.0,0,7,1190.0,1,3,2.0,1,0,4.0,2,55.0,0,1,3.0,3,2.0,1,0,2
2,5.0,1,5,3448.0,1,2,1.0,0,0,4.0,0,74.0,0,0,1.0,1,1.0,1,0,1
1,24.0,1,8,11328.0,1,1,2.0,0,2,3.0,3,29.0,1,0,2.0,2,1.0,0,0,2
0,6.0,0,2,1872.0,1,3,4.0,0,0,4.0,2,36.0,0,1,3.0,2,1.0,0,0,1
2,24.0,0,7,2058.0,1,1,4.0,2,0,2.0,0,33.0,0,0,2.0,0,1.0,0,0,1
0,9.0,1,2,2136.0,1,1,3.0,0,0,2.0,0,25.0,0,0,1.0,0,1.0,1,0,1
1,12.0,1,0,1484.0,0,1,2.0,3,0,1.0,0,25.0,0,0,1.0,0,1.0,0,0,2
2,6.0,1,7,660.0,2,2,2.0,3,0,4.0,0,23.0,0,2,1.0,1,1.0,1,0,1
2,24.0,0,3,1287.0,3,0,4.0,1,0,4.0,0,37.0,0,0,2.0,0,1.0,0,0,1
0,42.0,0,7,3394.0,1,3,4.0,0,2,4.0,3,65.0,0,0,2.0,3,1.0,1,0,1
3,12.0,4,5,609.0,1,4,4.0,1,0,1.0,0,26.0,0,0,1.0,3,1.0,1,0,2
2,12.0,1,3,1884.0,1,0,4.0,0,0,4.0,3,39.0,0,0,1.0,2,1.0,0,0,1
0,12.0,1,2,1620.0,1,1,2.0,1,2,3.0,1,30.0,0,0,1.0,0,1.0,1,0,1
1,20.0,2,8,2629.0,1,1,2.0,0,0,3.0,3,29.0,1,0,2.0,0,1.0,0,0,1
2,12.0,1,1,719.0,1,0,4.0,0,0,4.0,3,41.0,1,0,1.0,1,2.0,1,0,2
1,48.0,0,2,5096.0,1,1,2.0,1,0,3.0,3,30.0,0,0,1.0,2,1.0,0,0,2
2,9.0,0,1,1244.0,0,0,4.0,1,0,4.0,1,41.0,0,2,2.0,1,1.0,1,0,1
0,36.0,1,3,1842.0,1,4,4.0,1,0,4.0,3,34.0,0,0,1.0,0,1.0,0,0,2
1,7.0,1,0,2576.0,1,1,2.0,0,1,2.0,0,35.0,0,0,1.0,0,1.0,1,0,1
3,12.0,1,2,1424.0,0,0,3.0,1,0,4.0,0,55.0,0,0,1.0,2,1.0,0,0,1
1,15.0,2,7,1512.0,3,1,3.0,3,0,3.0,1,61.0,2,0,2.0,0,1.0,1,0,2
2,36.0,0,4,11054.0,0,1,4.0,0,0,2.0,3,30.0,0,0,1.0,2,1.0,0,0,1
2,6.0,1,0,518.0,1,1,3.0,1,0,1.0,0,29.0,0,0,1.0,0,1.0,1,0,1
2,12.0,3,2,2759.0,1,0,2.0,0,0,4.0,1,34.0,0,0,2.0,0,1.0,1,0,1
2,24.0,1,4,2670.0,1,0,4.0,0,0,4.0,3,35.0,0,0,1.0,2,1.0,0,0,1
0,24.0,1,3,4817.0,1,2,2.0,0,2,3.0,1,31.0,0,0,1.0,0,1.0,0,0,2
2,24.0,1,4,2679.0,1,4,4.0,1,0,1.0,2,29.0,0,0,1.0,2,1.0,0,0,1
0,11.0,0,3,3905.0,1,1,2.0,0,0,2.0,0,36.0,0,2,2.0,0,2.0,1,0,1
0,12.0,1,4,3386.0,1,0,3.0,0,0,4.0,2,35.0,0,1,1.0,0,1.0,0,0,2
0,6.0,1,6,343.0,1,4,4.0,1,0,1.0,0,27.0,0,0,1.0,0,1.0,1,0,1
2,18.0,1,0,4594.0,1,4,3.0,0,0,2.0,3,32.0,0,0,1.0,0,1.0,0,0,1
0,36.0,1,2,3620.0,1,1,1.0,0,1,2.0,1,37.0,0,0,1.0,0,2.0,1,0,1
0,15.0,1,3,1721.0,1,4,2.0,0,0,3.0,0,36.0,0,0,1.0,0,1.0,1,0,1
1,12.0,1,2,3017.0,1,4,3.0,1,0,1.0,0,34.0,0,2,1.0,2,1.0,1,0,1
1,12.0,1,9,754.0,0,0,4.0,0,0,4.0,1,38.0,0,0,2.0,0,1.0,1,0,1
2,18.0,1,5,1950.0,1,2,4.0,0,0,1.0,3,34.0,2,0,2.0,0,1.0,0,0,1
0,24.0,1,4,2924.0,1,1,3.0,0,1,4.0,2,63.0,1,0,1.0,0,2.0,0,0,1
0,24.0,2,0,1659.0,1,4,4.0,1,0,2.0,3,29.0,0,2,1.0,1,1.0,0,0,2
2,48.0,2,0,7238.0,0,0,3.0,0,0,3.0,3,32.0,1,0,2.0,0,2.0,1,0,1
2,33.0,2,5,2764.0,1,1,2.0,1,0,2.0,3,26.0,0,0,2.0,0,1.0,0,0,1
2,24.0,2,4,4679.0,1,2,3.0,0,0,3.0,3,35.0,0,0,2.0,1,1.0,0,0,1
1,24.0,1,0,3092.0,4,4,3.0,3,0,2.0,3,22.0,0,2,1.0,0,1.0,0,0,2
0,6.0,1,1,448.0,1,4,4.0,1,0,4.0,1,23.0,0,0,1.0,0,1.0,1,0,2
0,9.0,1,3,654.0,1,1,4.0,0,0,3.0,3,28.0,0,0,1.0,1,1.0,1,0,2
2,6.0,1,9,1238.0,0,3,4.0,0,0,4.0,1,36.0,0,0,1.0,2,2.0,0,0,1
1,18.0,0,0,1245.0,1,1,4.0,3,0,2.0,3,33.0,0,0,1.0,0,1.0,1,0,2
0,18.0,3,2,3114.0,1,4,1.0,1,0,4.0,1,26.0,0,2,1.0,0,1.0,1,0,2
2,39.0,1,4,2569.0,2,1,4.0,0,0,4.0,3,24.0,0,0,1.0,0,1.0,1,0,1
3,24.0,1,0,5152.0,1,2,4.0,0,0,2.0,3,25.0,1,0,1.0,0,1.0,1,0,1
1,12.0,1,5,1037.0,4,2,3.0,0,0,4.0,0,39.0,0,0,1.0,1,1.0,1,0,1
0,15.0,0,2,1478.0,1,0,4.0,0,0,4.0,3,44.0,0,0,2.0,0,2.0,0,0,1
1,12.0,0,0,3573.0,1,1,1.0,1,0,1.0,0,23.0,0,0,1.0,1,1.0,1,0,1
1,24.0,1,3,1201.0,1,4,4.0,0,0,1.0,1,26.0,0,0,1.0,0,1.0,1,0,1
0,30.0,1,2,3622.0,3,0,4.0,1,0,4.0,1,57.0,0,2,2.0,0,1.0,0,0,1
2,15.0,2,2,960.0,3,2,3.0,1,0,2.0,1,30.0,0,0,2.0,0,1.0,1,0,1
2,12.0,0,3,1163.0,2,1,4.0,0,0,4.0,0,44.0,0,0,1.0,0,1.0,0,0,1
1,6.0,2,3,1209.0,1,3,4.0,0,0,4.0,1,47.0,0,0,1.0,2,1.0,0,0,2
2,12.0,1,0,3077.0,1,1,2.0,0,0,4.0,3,52.0,0,0,1.0,0,1.0,0,0,1
2,24.0,1,3,3757.0,1,0,4.0,1,2,4.0,2,62.0,0,1,1.0,0,1.0,0,0,1
2,10.0,1,3,1418.0,4,1,3.0,0,0,2.0,0,35.0,0,2,1.0,1,1.0,1,1,1
2,6.0,1,3,3518.0,1,1,2.0,0,1,3.0,1,26.0,0,2,1.0,0,1.0,1,0,1
2,12.0,0,0,1934.0,1,0,2.0,0,0,2.0,2,26.0,0,0,2.0,0,1.0,1,0,1
1,27.0,3,5,8318.0,1,0,2.0,1,0,4.0,2,42.0,0,1,2.0,2,1.0,0,0,2
2,6.0,0,0,1237.0,4,1,1.0,1,0,1.0,1,27.0,0,0,2.0,0,1.0,1,0,1
1,6.0,1,0,368.0,0,0,4.0,0,0,4.0,1,38.0,0,0,1.0,0,1.0,1,0,1
0,12.0,0,3,2122.0,1,1,3.0,0,0,2.0,0,39.0,0,2,2.0,1,2.0,1,1,1
0,24.0,1,2,2996.0,0,1,2.0,3,0,4.0,3,20.0,0,0,1.0,0,1.0,1,0,2
1,36.0,1,2,9034.0,4,4,4.0,0,2,1.0,2,29.0,0,2,1.0,2,1.0,0,0,2
2,24.0,0,2,1585.0,1,2,4.0,0,0,3.0,1,40.0,0,0,2.0,0,1.0,1,0,1
1,18.0,1,0,1301.0,1,0,4.0,3,1,2.0,0,32.0,0,0,1.0,1,1.0,1,0,1
3,6.0,0,3,1323.0,4,0,2.0,2,0,4.0,3,28.0,0,0,2.0,0,2.0,0,0,1
0,24.0,1,3,3123.0,1,4,4.0,1,0,1.0,1,27.0,0,0,1.0,0,1.0,1,0,2
0,36.0,1,4,5493.0,1,0,2.0,0,0,4.0,2,42.0,0,1,1.0,0,2.0,1,0,1
3,9.0,1,0,1126.0,4,0,2.0,2,0,4.0,0,49.0,0,0,1.0,0,1.0,1,0,1
1,24.0,0,0,1216.0,4,4,4.0,0,0,4.0,2,38.0,1,0,2.0,0,2.0,1,0,2
0,24.0,1,3,1207.0,1,4,4.0,1,0,4.0,1,24.0,0,2,1.0,0,1.0,1,0,2
2,10.0,1,3,1309.0,0,1,4.0,0,1,4.0,1,27.0,0,0,1.0,1,1.0,1,0,2
3,15.0,0,4,2360.0,2,1,2.0,0,0,2.0,3,36.0,0,0,1.0,0,1.0,0,0,1
1,15.0,4,3,6850.0,4,3,1.0,0,0,2.0,1,34.0,0,0,1.0,2,2.0,0,0,2
2,24.0,1,0,1413.0,1,1,4.0,3,0,2.0,1,28.0,0,0,1.0,0,1.0,1,0,1
2,39.0,1,4,8588.0,4,0,4.0,0,0,2.0,3,45.0,0,0,1.0,2,1.0,0,0,1
0,12.0,1,3,759.0,1,2,4.0,0,0,2.0,0,26.0,0,0,1.0,0,1.0,1,0,2
2,36.0,1,4,4686.0,1,1,2.0,0,0,2.0,2,32.0,0,1,1.0,2,1.0,0,0,1
3,15.0,1,5,2687.0,1,2,2.0,0,0,4.0,1,26.0,0,2,1.0,0,1.0,0,0,1
1,12.0,2,0,585.0,1,1,4.0,3,2,4.0,0,20.0,0,2,2.0,0,1.0,1,0,1
2,24.0,1,3,2255.0,0,4,4.0,0,0,1.0,1,54.0,0,0,1.0,0,1.0,1,0,1
0,6.0,0,3,609.0,1,2,4.0,1,0,3.0,1,37.0,0,0,2.0,0,1.0,1,1,1
0,6.0,0,3,1361.0,1,4,2.0,0,0,4.0,0,40.0,0,0,1.0,1,2.0,1,1,1
2,36.0,0,2,7127.0,1,4,2.0,1,0,4.0,1,23.0,0,2,2.0,0,1.0,0,0,2
0,6.0,1,3,1203.0,4,0,3.0,0,0,2.0,1,43.0,0,0,1.0,0,1.0,0,0,1
2,6.0,0,0,700.0,0,0,4.0,0,0,4.0,2,36.0,0,1,2.0,0,1.0,1,0,1
2,24.0,0,7,5507.0,1,0,3.0,0,0,4.0,2,44.0,0,1,2.0,0,1.0,1,0,1
0,18.0,1,0,3190.0,1,1,2.0,1,0,2.0,0,24.0,0,0,1.0,0,1.0,1,0,2
0,48.0,3,2,7119.0,1,1,3.0,0,0,4.0,2,53.0,0,1,2.0,0,2.0,1,0,2
2,24.0,1,4,3488.0,4,2,3.0,1,0,4.0,3,23.0,0,0,1.0,0,1.0,1,0,1
1,18.0,1,0,1113.0,1,1,4.0,1,1,4.0,0,26.0,0,0,1.0,1,2.0,1,0,1
1,26.0,1,4,7966.0,1,4,2.0,0,0,3.0,3,30.0,0,0,2.0,0,1.0,1,0,1
2,15.0,0,1,1532.0,4,1,4.0,1,0,3.0,3,31.0,0,0,1.0,0,1.0,1,0,1
2,4.0,0,0,1503.0,1,2,2.0,0,0,1.0,0,42.0,0,0,2.0,1,2.0,1,0,1
0,36.0,1,0,2302.0,1,1,4.0,2,0,4.0,3,31.0,0,2,1.0,0,1.0,1,0,2
0,6.0,1,3,662.0,1,4,3.0,0,0,4.0,0,41.0,0,0,1.0,1,2.0,0,0,1
1,36.0,1,1,2273.0,1,2,3.0,0,0,1.0,3,32.0,0,0,2.0,0,2.0,1,0,1
1,15.0,1,3,2631.0,4,1,2.0,1,0,4.0,3,28.0,0,2,2.0,0,1.0,0,0,2
2,12.0,2,4,1503.0,1,1,4.0,3,0,4.0,0,41.0,0,2,1.0,0,1.0,1,0,1
2,24.0,1,0,1311.0,4,2,4.0,3,0,3.0,1,26.0,0,0,1.0,0,1.0,0,0,1
2,24.0,1,0,3105.0,0,4,4.0,0,0,2.0,3,25.0,0,0,2.0,0,1.0,1,0,1
3,21.0,0,1,2319.0,1,4,2.0,2,0,1.0,3,33.0,0,2,1.0,0,1.0,1,0,2
0,6.0,1,3,1374.0,0,3,4.0,1,0,3.0,1,75.0,0,0,1.0,2,1.0,0,0,1
1,18.0,0,2,3612.0,1,0,3.0,1,0,4.0,1,37.0,0,0,1.0,0,1.0,0,0,1
0,48.0,1,3,7763.0,1,0,4.0,0,0,4.0,2,42.0,1,1,1.0,2,1.0,1,0,2
3,18.0,1,2,3049.0,1,4,1.0,1,0,1.0,1,45.0,2,0,1.0,1,1.0,1,0,1
1,12.0,1,0,1534.0,1,4,1.0,3,0,1.0,0,23.0,0,2,1.0,0,1.0,1,0,2
2,24.0,2,3,2032.0,1,0,4.0,0,0,4.0,2,60.0,0,1,2.0,0,1.0,0,0,1
0,30.0,1,2,6350.0,0,0,4.0,0,0,4.0,1,31.0,0,0,1.0,0,1.0,1,0,2
3,18.0,1,2,2864.0,1,1,2.0,0,0,1.0,0,34.0,0,0,1.0,1,2.0,1,0,2
2,12.0,0,3,1255.0,1,0,4.0,0,0,4.0,0,61.0,0,0,2.0,1,1.0,1,0,1
0,24.0,2,3,1333.0,1,3,4.0,0,0,2.0,0,43.0,0,1,2.0,0,2.0,1,0,2
2,24.0,0,3,2022.0,1,1,4.0,1,0,4.0,3,37.0,0,0,1.0,0,1.0,0,0,1
2,24.0,1,0,1552.0,1,2,3.0,0,0,1.0,3,32.0,1,0,1.0,0,2.0,1,0,1
0,12.0,4,0,626.0,1,1,4.0,1,0,4.0,0,24.0,1,0,1.0,1,1.0,1,0,2
2,48.0,0,4,8858.0,0,2,2.0,0,0,1.0,2,35.0,0,1,2.0,0,1.0,0,0,1
2,12.0,0,7,996.0,0,2,4.0,1,0,4.0,0,23.0,0,0,2.0,0,1.0,1,0,1
2,6.0,4,0,1750.0,2,0,2.0,0,0,4.0,1,45.0,1,0,1.0,1,2.0,1,0,1
0,48.0,1,0,6999.0,1,2,1.0,3,1,1.0,0,34.0,0,0,2.0,0,1.0,0,0,2
1,12.0,0,3,1995.0,4,4,4.0,0,0,1.0,3,27.0,0,0,1.0,0,1.0,1,0,1
1,9.0,1,1,1199.0,1,2,4.0,1,0,4.0,1,67.0,0,0,2.0,2,1.0,0,0,1
1,12.0,1,0,1331.0,1,4,2.0,0,0,1.0,3,22.0,2,0,1.0,0,1.0,1,0,2
1,18.0,3,3,2278.0,4,4,3.0,1,0,3.0,3,28.0,0,0,2.0,0,1.0,1,0,2
2,21.0,3,3,5003.0,0,1,1.0,1,0,4.0,1,29.0,1,0,2.0,0,1.0,0,0,2
0,24.0,4,2,3552.0,1,2,3.0,0,0,4.0,3,27.0,1,0,1.0,0,1.0,1,0,2
1,18.0,0,2,1928.0,1,4,2.0,0,0,2.0,0,31.0,0,0,2.0,1,1.0,1,0,2
0,24.0,1,4,2964.0,0,0,4.0,0,0,4.0,2,49.0,1,1,1.0,0,2.0,0,0,1
0,24.0,4,0,1546.0,1,2,4.0,0,1,4.0,3,24.0,1,2,1.0,1,1.0,1,0,2
3,6.0,2,0,683.0,1,4,2.0,1,0,1.0,1,29.0,1,0,1.0,0,1.0,1,0,1
1,36.0,1,3,12389.0,0,1,1.0,0,0,4.0,2,37.0,0,1,1.0,0,1.0,0,0,2
1,24.0,2,5,4712.0,0,1,4.0,0,0,2.0,1,37.0,1,0,2.0,2,1.0,0,0,1
1,24.0,2,0,1553.0,4,2,3.0,1,0,2.0,1,23.0,0,2,2.0,0,1.0,0,0,1
0,12.0,1,3,1372.0,1,2,2.0,2,0,3.0,3,36.0,0,0,1.0,0,1.0,1,0,2
2,24.0,0,0,2578.0,3,0,2.0,0,0,2.0,3,34.0,0,0,1.0,0,1.0,1,0,1
1,48.0,1,0,3979.0,0,2,4.0,0,0,1.0,3,41.0,0,0,2.0,0,2.0,0,0,1
0,48.0,1,0,6758.0,1,1,3.0,1,0,2.0,3,31.0,0,0,1.0,0,1.0,0,0,2
0,24.0,1,2,3234.0,1,4,4.0,1,0,4.0,0,23.0,0,2,1.0,1,1.0,0,0,2
2,30.0,0,0,5954.0,1,2,3.0,0,2,2.0,3,38.0,0,0,1.0,0,1.0,1,0,1
2,24.0,1,4,5433.0,0,3,2.0,1,0,4.0,1,26.0,0,2,1.0,2,1.0,0,0,1
0,15.0,1,5,806.0,1,1,4.0,1,0,4.0,1,22.0,0,0,1.0,1,1.0,1,0,1
1,9.0,1,0,1082.0,1,0,4.0,0,0,4.0,3,27.0,0,0,2.0,1,1.0,1,0,1
2,15.0,0,2,2788.0,1,2,2.0,1,2,3.0,3,24.0,1,0,2.0,0,1.0,1,0,1
1,12.0,1,0,2930.0,1,2,2.0,1,0,1.0,0,27.0,0,0,1.0,0,1.0,1,0,1
2,24.0,0,1,1927.0,0,1,3.0,1,0,2.0,3,33.0,0,0,2.0,0,1.0,0,0,1
1,36.0,0,3,2820.0,1,4,4.0,2,0,4.0,3,27.0,0,0,2.0,0,1.0,1,0,2
2,24.0,1,9,937.0,1,4,4.0,3,0,3.0,3,27.0,0,0,2.0,1,1.0,1,0,1
1,18.0,0,3,1056.0,1,0,3.0,0,1,3.0,0,30.0,1,0,2.0,0,1.0,1,0,2
1,12.0,0,3,3124.0,1,4,1.0,0,0,3.0,0,49.0,1,0,2.0,1,2.0,1,0,1
2,9.0,1,2,1388.0,1,1,4.0,1,0,2.0,0,26.0,0,2,1.0,0,1.0,1,0,1
1,36.0,1,7,2384.0,1,4,4.0,0,0,1.0,2,33.0,0,2,1.0,1,1.0,1,0,2
2,12.0,1,3,2133.0,0,0,4.0,1,0,4.0,2,52.0,0,1,1.0,2,1.0,0,0,1
0,18.0,1,2,2039.0,1,1,1.0,1,0,4.0,0,20.0,1,2,1.0,0,1.0,1,0,2
0,9.0,0,3,2799.0,1,1,2.0,0,0,2.0,0,36.0,0,2,2.0,0,2.0,1,0,1
0,12.0,1,2,1289.0,1,1,4.0,0,1,1.0,1,21.0,0,0,1.0,1,1.0,1,0,1
0,18.0,1,6,1217.0,1,1,4.0,3,0,3.0,0,47.0,0,0,1.0,1,1.0,0,0,2
0,12.0,0,2,2246.0,1,0,3.0,0,0,3.0,1,60.0,0,0,2.0,0,1.0,1,0,2
0,12.0,0,0,385.0,1,2,4.0,1,0,3.0,0,58.0,0,0,4.0,1,1.0,0,0,1
1,24.0,2,3,1965.0,0,1,4.0,1,0,4.0,3,42.0,0,2,2.0,0,1.0,0,0,1
2,21.0,1,5,1572.0,3,0,4.0,1,0,4.0,0,36.0,1,0,1.0,1,1.0,1,0,1
1,24.0,1,3,2718.0,1,1,3.0,1,0,4.0,1,20.0,0,2,1.0,1,1.0,0,0,2
0,24.0,4,8,1358.0,0,0,4.0,0,0,3.0,3,40.0,2,0,1.0,2,1.0,0,0,2
1,6.0,4,3,931.0,4,4,1.0,1,0,1.0,1,32.0,2,0,1.0,1,1.0,1,0,2
0,24.0,1,3,1442.0,1,2,4.0,1,0,4.0,3,23.0,0,2,2.0,0,1.0,1,0,2
1,24.0,3,5,4241.0,1,1,1.0,0,0,4.0,0,36.0,0,0,3.0,1,1.0,0,0,2
2,18.0,0,3,2775.0,1,2,2.0,0,0,2.0,1,31.0,1,0,2.0,0,1.0,1,0,2
2,24.0,2,5,3863.0,1,1,1.0,0,0,2.0,2,32.0,0,1,1.0,0,1.0,1,0,1
1,7.0,1,0,2329.0,1,4,1.0,1,1,1.0,0,45.0,0,0,1.0,0,1.0,1,0,1
1,9.0,1,2,918.0,1,1,4.0,1,0,1.0,1,30.0,0,0,1.0,0,1.0,1,0,2
1,24.0,4,1,1837.0,1,2,4.0,1,0,4.0,2,34.0,1,1,1.0,1,1.0,1,0,2
2,36.0,1,2,3349.0,1,1,4.0,1,0,2.0,3,28.0,0,0,1.0,2,1.0,0,0,2
3,10.0,1,2,1275.0,1,4,4.0,1,0,2.0,1,23.0,0,0,1.0,0,1.0,1,0,1
0,24.0,4,2,2828.0,2,1,4.0,0,0,4.0,0,22.0,2,0,1.0,0,1.0,0,0,1
2,24.0,0,5,4526.0,1,1,3.0,0,0,2.0,0,74.0,0,0,1.0,2,1.0,0,0,1
1,36.0,1,0,2671.0,4,1,4.0,1,2,4.0,2,50.0,0,1,1.0,0,1.0,1,0,2
2,18.0,1,0,2051.0,1,4,4.0,0,0,1.0,0,33.0,0,0,1.0,0,1.0,1,0,1
2,15.0,1,4,1300.0,0,0,4.0,0,0,4.0,2,45.0,1,1,1.0,0,2.0,1,0,1
0,12.0,1,6,741.0,4,3,4.0,1,0,3.0,1,22.0,0,0,1.0,0,1.0,1,0,2
3,10.0,1,3,1240.0,4,0,1.0,1,0,4.0,2,48.0,0,1,1.0,1,2.0,1,0,2
0,21.0,1,0,3357.0,3,4,4.0,1,0,2.0,3,29.0,1,0,1.0,0,1.0,1,0,1
0,24.0,4,4,3632.0,1,1,1.0,1,1,4.0,3,22.0,1,2,1.0,0,1.0,1,1,1
2,18.0,2,2,1808.0,1,2,4.0,1,0,1.0,0,22.0,0,0,1.0,0,1.0,1,0,2
1,48.0,3,5,12204.0,0,1,2.0,0,0,2.0,3,48.0,1,0,1.0,2,1.0,0,0,1
1,60.0,2,0,9157.0,0,1,2.0,0,0,2.0,2,27.0,0,1,1.0,2,1.0,1,0,1
0,6.0,0,3,3676.0,1,1,1.0,0,0,3.0,0,37.0,0,2,3.0,0,2.0,1,0,1
1,30.0,1,2,3441.0,4,1,2.0,1,2,4.0,3,21.0,0,2,1.0,0,1.0,1,0,2
2,12.0,1,3,640.0,1,1,4.0,2,0,2.0,0,49.0,0,0,1.0,1,1.0,1,0,1
1,21.0,0,5,3652.0,1,2,2.0,0,0,3.0,1,27.0,0,0,2.0,0,1.0,1,0,1
2,18.0,0,3,1530.0,1,1,3.0,0,0,2.0,1,32.0,1,0,2.0,0,1.0,1,0,2
2,48.0,1,5,3914.0,0,1,4.0,2,0,2.0,0,38.0,1,0,1.0,0,1.0,1,0,2
0,12.0,1,2,1858.0,1,4,4.0,1,0,1.0,3,22.0,0,2,1.0,0,1.0,1,0,1
0,18.0,1,0,2600.0,1,1,4.0,0,0,4.0,2,65.0,0,1,2.0,0,1.0,1,0,2
2,15.0,1,0,1979.0,0,0,4.0,0,0,2.0,3,35.0,0,0,1.0,0,1.0,1,0,1
3,6.0,1,2,2116.0,1,1,2.0,0,0,2.0,0,41.0,0,0,1.0,0,1.0,0,0,1
1,9.0,4,3,1437.0,4,2,2.0,0,0,3.0,2,29.0,0,0,1.0,0,1.0,1,0,2
2,42.0,0,2,4042.0,2,1,4.0,0,0,4.0,0,36.0,0,0,2.0,0,1.0,0,0,1
2,9.0,1,1,3832.0,0,0,1.0,0,0,4.0,0,64.0,0,0,1.0,1,1.0,1,0,1
0,24.0,1,0,3660.0,1,1,2.0,1,0,4.0,3,28.0,0,0,1.0,0,1.0,1,0,1
0,18.0,4,2,1553.0,1,1,4.0,0,0,3.0,3,44.0,1,0,1.0,0,1.0,1,0,2
1,15.0,1,0,1444.0,0,4,4.0,0,0,1.0,1,23.0,0,0,1.0,0,1.0,1,0,1
2,9.0,1,2,1980.0,1,4,2.0,1,2,2.0,3,19.0,0,2,2.0,0,1.0,1,0,2
1,24.0,1,3,1355.0,1,4,3.0,1,0,4.0,3,25.0,0,0,1.0,1,1.0,0,0,2
2,12.0,1,1,1393.0,1,0,4.0,0,0,4.0,1,47.0,1,0,3.0,0,2.0,0,0,1
2,24.0,1,0,1376.0,2,2,4.0,1,0,1.0,3,28.0,0,0,1.0,0,1.0,1,0,1
2,60.0,2,0,15653.0,1,2,2.0,0,0,4.0,3,21.0,0,0,2.0,0,1.0,0,0,1
2,12.0,1,0,1493.0,1,4,4.0,1,0,3.0,3,34.0,0,0,1.0,0,2.0,1,0,1
0,42.0,2,0,4370.0,1,2,3.0,0,0,2.0,1,26.0,1,0,2.0,0,2.0,0,0,2
0,18.0,1,1,750.0,1,3,4.0,1,0,1.0,0,27.0,0,0,1.0,3,1.0,1,0,2
1,15.0,1,7,1308.0,1,0,4.0,0,0,4.0,3,38.0,0,0,2.0,1,1.0,1,0,1
2,15.0,1,1,4623.0,4,1,3.0,0,0,2.0,1,40.0,0,0,1.0,2,1.0,0,0,2
2,24.0,0,0,1851.0,1,2,4.0,3,1,2.0,3,33.0,0,0,2.0,0,1.0,0,0,1
0,18.0,0,0,1880.0,1,2,4.0,3,0,1.0,1,32.0,0,0,2.0,2,1.0,0,0,1
2,36.0,2,5,7980.0,0,4,4.0,0,0,4.0,3,27.0,0,2,2.0,0,1.0,0,0,2
0,30.0,3,2,4583.0,1,1,2.0,2,1,2.0,0,32.0,0,0,2.0,0,1.0,1,0,1
2,12.0,1,3,1386.0,2,1,2.0,1,0,2.0,1,26.0,0,0,1.0,0,1.0,1,0,2
3,24.0,1,3,947.0,1,2,4.0,0,0,3.0,2,38.0,1,1,1.0,0,2.0,1,0,2
0,12.0,1,1,684.0,1,1,4.0,0,0,4.0,3,40.0,0,2,1.0,1,2.0,1,0,2
0,48.0,1,1,7476.0,1,2,4.0,0,0,1.0,2,50.0,0,1,1.0,2,1.0,0,0,1
1,12.0,1,2,1922.0,1,1,4.0,0,0,2.0,1,37.0,0,0,1.0,1,1.0,1,0,2
0,24.0,1,3,2303.0,1,0,4.0,0,2,1.0,0,45.0,0,0,1.0,0,1.0,1,0,2
1,36.0,2,3,8086.0,4,0,2.0,0,0,4.0,3,42.0,0,0,4.0,2,1.0,0,0,2
2,24.0,0,4,2346.0,1,2,4.0,0,0,3.0,3,35.0,0,0,2.0,0,1.0,0,0,1
0,14.0,1,3,3973.0,1,3,1.0,0,0,4.0,2,22.0,0,1,1.0,0,1.0,1,0,1
1,12.0,1,3,888.0,1,0,4.0,0,0,4.0,3,41.0,1,0,1.0,1,2.0,1,0,2
2,48.0,1,0,10222.0,0,2,4.0,0,0,3.0,3,37.0,2,0,1.0,0,1.0,0,0,1
1,30.0,3,5,4221.0,1,1,2.0,1,0,1.0,3,28.0,0,0,2.0,0,1.0,1,0,1
1,18.0,0,2,6361.0,1,0,2.0,0,0,1.0,2,41.0,0,0,1.0,0,1.0,0,0,1
3,12.0,1,0,1297.0,1,1,3.0,3,0,4.0,0,23.0,0,2,1.0,0,1.0,1,0,1
0,12.0,1,3,900.0,0,1,4.0,3,0,2.0,3,23.0,0,0,1.0,0,1.0,1,0,2
2,21.0,1,2,2241.0,1,0,4.0,0,0,2.0,0,50.0,0,0,2.0,0,1.0,1,0,1
1,6.0,2,2,1050.0,1,3,4.0,0,0,1.0,1,35.0,2,0,2.0,2,1.0,0,0,1
3,6.0,0,1,1047.0,1,1,2.0,1,0,4.0,1,50.0,0,0,1.0,1,1.0,1,0,1
2,24.0,0,8,6314.0,1,3,4.0,0,2,2.0,2,27.0,1,0,2.0,2,1.0,0,0,1
1,30.0,4,2,3496.0,3,1,4.0,0,0,2.0,3,34.0,2,0,1.0,0,2.0,0,0,1
2,48.0,4,5,3609.0,1,1,1.0,1,0,1.0,0,27.0,2,0,1.0,0,1.0,1,0,1
0,12.0,0,3,4843.0,1,0,3.0,0,2,4.0,1,43.0,0,2,2.0,0,1.0,0,0,2
3,30.0,0,0,3017.0,1,0,4.0,0,0,4.0,1,47.0,0,0,1.0,0,1.0,1,0,1
2,24.0,0,5,4139.0,4,1,3.0,0,0,3.0,1,27.0,0,0,2.0,1,1.0,0,0,1
2,36.0,1,5,5742.0,4,2,2.0,0,0,2.0,3,31.0,0,0,2.0,0,1.0,0,0,1
2,60.0,1,3,10366.0,1,0,2.0,0,0,4.0,1,42.0,0,0,1.0,2,1.0,0,0,1
2,6.0,0,3,2080.0,2,1,1.0,3,0,2.0,3,24.0,0,0,1.0,0,1.0,1,0,1
2,21.0,2,5,2580.0,2,4,4.0,0,0,2.0,0,41.0,1,0,1.0,1,2.0,1,0,2
2,30.0,0,0,4530.0,1,2,4.0,1,0,4.0,3,26.0,0,2,1.0,2,1.0,0,0,1
2,24.0,0,2,5150.0,1,0,4.0,0,0,4.0,3,33.0,0,0,1.0,0,1.0,0,0,1
1,72.0,1,0,5595.0,4,1,2.0,3,0,2.0,3,24.0,0,0,1.0,0,1.0,1,0,2
0,24.0,1,0,2384.0,1,0,4.0,0,0,4.0,0,64.0,1,2,1.0,1,1.0,1,0,1
2,18.0,1,0,1453.0,1,4,3.0,1,0,1.0,0,26.0,0,0,1.0,0,1.0,1,0,1
2,6.0,1,1,1538.0,1,4,1.0,1,0,2.0,2,56.0,0,0,1.0,0,1.0,1,0,1
2,12.0,1,0,2279.0,0,1,4.0,0,0,4.0,2,37.0,0,1,1.0,0,1.0,0,0,1
2,15.0,2,0,1478.0,1,1,4.0,3,0,3.0,0,33.0,1,0,2.0,0,1.0,1,0,1
2,24.0,0,0,5103.0,1,4,3.0,3,0,3.0,2,47.0,0,1,3.0,0,1.0,0,0,1
1,36.0,2,5,9857.0,4,2,1.0,0,0,3.0,1,31.0,0,0,2.0,1,2.0,0,0,1
2,60.0,1,3,6527.0,0,1,4.0,0,0,4.0,2,34.0,0,1,1.0,0,2.0,0,0,1
3,10.0,0,0,1347.0,0,2,4.0,0,0,2.0,1,27.0,0,0,2.0,0,1.0,0,0,1
1,36.0,2,3,2862.0,4,0,4.0,0,0,3.0,2,30.0,0,1,1.0,0,1.0,1,0,1
2,9.0,1,0,2753.0,4,0,3.0,0,2,4.0,3,35.0,0,0,1.0,0,1.0,0,0,1
0,12.0,1,3,3651.0,3,1,1.0,0,0,3.0,1,31.0,0,0,1.0,0,2.0,1,0,1
0,15.0,0,2,975.0,1,1,2.0,2,0,3.0,1,25.0,0,0,2.0,0,1.0,1,0,1
1,15.0,1,7,2631.0,4,1,3.0,1,0,2.0,0,25.0,0,0,1.0,1,1.0,1,0,1
1,24.0,1,0,2896.0,4,4,2.0,0,0,1.0,3,29.0,0,0,1.0,0,1.0,1,0,1
0,6.0,0,3,4716.0,0,4,1.0,0,0,3.0,0,44.0,0,0,2.0,1,2.0,1,0,1
2,24.0,1,0,2284.0,1,2,4.0,0,0,2.0,3,28.0,0,0,1.0,0,1.0,0,0,1
2,6.0,1,4,1236.0,2,1,2.0,0,0,4.0,1,50.0,0,2,1.0,0,1.0,1,0,1
1,12.0,1,0,1103.0,1,2,4.0,0,1,3.0,0,29.0,0,0,2.0,0,1.0,1,1,1
2,12.0,0,3,926.0,1,3,1.0,1,0,2.0,1,38.0,0,0,1.0,3,1.0,1,0,1
2,18.0,0,0,1800.0,1,1,4.0,0,0,2.0,3,24.0,0,0,2.0,0,1.0,1,0,1
3,15.0,1,1,1905.0,1,0,4.0,0,0,4.0,3,40.0,0,2,1.0,2,1.0,0,0,1
2,12.0,1,2,1123.0,2,1,4.0,1,0,4.0,3,29.0,0,2,1.0,1,1.0,1,0,2
0,48.0,0,4,6331.0,1,0,4.0,0,0,4.0,2,46.0,0,1,2.0,0,1.0,0,0,2
3,24.0,1,0,1377.0,4,0,4.0,1,0,2.0,2,47.0,0,1,1.0,0,1.0,0,0,1
1,30.0,2,5,2503.0,4,0,4.0,0,0,2.0,1,41.0,2,0,2.0,0,1.0,1,0,1
1,27.0,1,5,2528.0,1,4,4.0,1,0,1.0,1,32.0,0,0,1.0,0,2.0,0,0,1
2,15.0,1,3,5324.0,2,0,1.0,1,0,4.0,2,35.0,0,1,1.0,0,1.0,1,0,1
1,48.0,1,3,6560.0,4,2,3.0,0,0,2.0,1,24.0,0,0,1.0,0,1.0,1,0,2
1,12.0,3,2,2969.0,1,4,4.0,1,0,3.0,1,25.0,0,2,2.0,0,1.0,1,0,2
1,9.0,1,0,1206.0,1,0,4.0,1,0,4.0,0,25.0,0,0,1.0,0,1.0,1,0,1
1,9.0,1,0,2118.0,1,1,2.0,0,0,2.0,0,37.0,0,0,1.0,1,2.0,1,0,1
2,18.0,0,0,629.0,2,0,4.0,0,0,3.0,1,32.0,1,0,2.0,2,1.0,0,0,1
0,6.0,4,1,1198.0,1,0,4.0,1,0,4.0,2,35.0,0,1,1.0,0,1.0,1,0,2
2,21.0,1,4,2476.0,0,0,4.0,0,0,4.0,0,46.0,0,0,1.0,2,1.0,0,0,1
0,9.0,0,0,1138.0,1,1,4.0,0,0,4.0,0,25.0,0,0,2.0,1,1.0,1,0,1
1,60.0,1,3,14027.0,1,2,4.0,0,0,2.0,2,27.0,0,0,1.0,2,1.0,0,0,2
2,30.0,0,4,7596.0,0,0,1.0,0,0,4.0,3,63.0,0,0,2.0,0,1.0,1,0,1
2,30.0,0,0,3077.0,0,0,3.0,0,0,2.0,3,40.0,0,0,2.0,0,2.0,0,0,1
2,18.0,1,0,1505.0,1,1,4.0,0,0,2.0,2,32.0,0,1,1.0,2,1.0,0,0,1
3,24.0,0,0,3148.0,0,1,3.0,0,0,2.0,3,31.0,0,0,2.0,0,1.0,0,0,1
1,20.0,3,4,6148.0,4,0,3.0,3,0,4.0,3,31.0,1,0,2.0,0,1.0,0,0,1
3,9.0,3,0,1337.0,1,4,4.0,0,0,2.0,3,34.0,0,0,2.0,2,1.0,0,0,2
1,6.0,4,1,433.0,3,4,4.0,1,0,2.0,1,24.0,1,2,1.0,0,2.0,1,0,2
0,12.0,1,3,1228.0,1,1,4.0,1,0,2.0,0,24.0,0,0,1.0,1,1.0,1,0,2
1,9.0,1,0,790.0,2,1,4.0,1,0,3.0,0,66.0,0,0,1.0,1,1.0,1,0,1
2,27.0,1,3,2570.0,1,1,3.0,1,0,3.0,0,21.0,0,2,1.0,0,1.0,1,0,2
2,6.0,0,3,250.0,3,1,2.0,1,0,2.0,0,41.0,1,0,2.0,1,1.0,1,0,1
2,15.0,0,0,1316.0,2,1,2.0,3,0,2.0,1,47.0,0,0,2.0,1,1.0,1,0,1
0,18.0,1,0,1882.0,1,1,4.0,1,0,4.0,3,25.0,1,2,2.0,0,1.0,1,0,2
1,48.0,4,5,6416.0,1,0,4.0,1,0,3.0,2,59.0,0,2,1.0,0,1.0,1,0,2
3,24.0,0,5,1275.0,3,1,2.0,2,0,4.0,0,36.0,0,0,2.0,0,1.0,0,0,1
1,24.0,2,0,6403.0,1,4,1.0,0,0,2.0,3,33.0,0,0,1.0,0,1.0,1,0,1
0,24.0,1,0,1987.0,1,1,2.0,0,0,4.0,0,21.0,0,2,1.0,1,2.0,1,0,2
1,8.0,1,0,760.0,1,2,4.0,1,1,2.0,0,44.0,0,0,1.0,1,1.0,1,0,1
2,24.0,1,4,2603.0,3,1,2.0,1,0,4.0,3,28.0,0,2,1.0,0,1.0,0,0,1
2,4.0,0,3,3380.0,1,2,1.0,1,0,1.0,0,37.0,0,0,1.0,0,2.0,1,0,1
1,36.0,4,6,3990.0,0,4,3.0,1,0,2.0,2,29.0,1,0,1.0,3,1.0,1,0,1
1,24.0,1,4,11560.0,1,1,1.0,1,0,4.0,3,23.0,0,2,2.0,2,1.0,1,0,2
0,18.0,1,3,4380.0,4,1,3.0,0,0,4.0,3,35.0,0,0,1.0,1,2.0,0,0,1
2,6.0,0,3,6761.0,1,2,1.0,0,0,3.0,2,45.0,0,0,2.0,2,2.0,0,0,1
1,30.0,3,5,4280.0,4,1,4.0,1,0,4.0,3,26.0,0,2,2.0,1,1.0,1,0,2
0,24.0,4,3,2325.0,4,2,2.0,0,0,3.0,3,32.0,1,0,1.0,0,1.0,1,0,1
1,10.0,4,0,1048.0,1,1,4.0,0,0,4.0,0,23.0,2,0,1.0,1,1.0,1,0,1
2,21.0,1,0,3160.0,0,0,4.0,0,0,3.0,1,41.0,0,0,1.0,0,1.0,0,0,1
0,24.0,4,2,2483.0,2,1,4.0,0,0,4.0,0,22.0,2,0,1.0,0,1.0,0,0,1
0,39.0,0,2,14179.0,0,2,4.0,0,0,4.0,1,30.0,0,0,2.0,2,1.0,0,0,1
0,13.0,0,5,1797.0,1,4,3.0,0,0,1.0,1,28.0,1,0,2.0,1,1.0,1,0,1
0,15.0,1,3,2511.0,1,3,1.0,1,0,4.0,3,23.0,0,2,1.0,0,1.0,1,0,1
0,12.0,1,3,1274.0,1,4,3.0,1,0,1.0,0,37.0,0,0,1.0,1,1.0,1,0,2
2,21.0,1,4,5248.0,0,1,1.0,0,0,3.0,3,26.0,0,0,1.0,0,1.0,1,0,1
2,15.0,1,4,3029.0,1,2,2.0,0,0,2.0,3,33.0,0,0,1.0,0,1.0,1,0,1
0,6.0,1,2,428.0,1,0,2.0,1,0,1.0,1,49.0,1,0,1.0,0,1.0,0,0,1
0,18.0,1,3,976.0,1,4,1.0,1,0,2.0,3,23.0,0,0,1.0,1,1.0,1,0,2
1,12.0,1,5,841.0,4,2,2.0,1,0,4.0,0,23.0,0,2,1.0,1,1.0,1,0,1
2,30.0,0,0,5771.0,1,2,4.0,1,0,2.0,3,25.0,0,0,2.0,0,1.0,1,0,1
2,12.0,2,7,1555.0,3,0,4.0,0,0,4.0,2,55.0,0,1,2.0,0,2.0,1,0,2
0,24.0,1,3,1285.0,0,2,4.0,1,0,4.0,2,32.0,0,2,1.0,0,1.0,1,0,2
3,6.0,0,3,1299.0,1,1,1.0,0,0,1.0,0,74.0,0,0,3.0,3,2.0,1,1,1
3,15.0,0,0,1271.0,0,1,3.0,0,0,4.0,2,39.0,0,1,2.0,0,1.0,0,0,2
2,24.0,1,3,1393.0,1,1,2.0,0,1,2.0,0,31.0,0,0,1.0,0,1.0,0,0,1
0,12.0,0,3,691.0,1,0,4.0,0,0,3.0,1,35.0,0,0,2.0,0,1.0,1,0,2
2,15.0,0,3,5045.0,0,0,1.0,1,0,4.0,3,59.0,0,0,1.0,0,1.0,0,0,1
0,18.0,0,2,2124.0,1,1,4.0,1,0,4.0,0,24.0,0,2,2.0,0,1.0,1,0,2
0,12.0,1,0,2214.0,1,1,4.0,0,0,3.0,1,24.0,0,0,1.0,1,1.0,1,0,1
2,21.0,0,3,12680.0,0,0,4.0,0,0,4.0,2,30.0,0,1,1.0,2,1.0,0,0,2
2,24.0,0,3,2463.0,4,2,4.0,3,0,3.0,1,27.0,0,0,2.0,0,1.0,0,0,1
1,12.0,1,0,1155.0,1,0,3.0,3,1,3.0,0,40.0,1,0,2.0,1,1.0,1,0,1
0,30.0,1,2,3108.0,1,4,2.0,2,0,4.0,1,31.0,0,0,1.0,1,1.0,1,0,2
2,10.0,1,4,2901.0,0,4,1.0,1,0,4.0,0,31.0,0,2,1.0,0,1.0,1,0,1
1,12.0,0,2,3617.0,1,0,1.0,0,0,4.0,3,28.0,0,2,3.0,0,1.0,0,0,1
2,12.0,0,0,1655.0,1,0,2.0,0,0,4.0,0,63.0,0,0,2.0,1,1.0,0,0,1
0,24.0,1,4,2812.0,0,0,2.0,1,0,4.0,0,26.0,0,2,1.0,0,1.0,1,0,1
0,36.0,0,1,8065.0,1,1,3.0,1,0,2.0,2,25.0,0,0,2.0,2,1.0,0,0,2
2,21.0,0,4,3275.0,1,0,1.0,0,0,4.0,3,36.0,0,0,1.0,2,1.0,0,0,1
2,24.0,0,0,2223.0,4,0,4.0,0,0,4.0,1,52.0,1,0,2.0,0,1.0,1,0,1
3,12.0,0,3,1480.0,2,3,2.0,0,0,4.0,2,66.0,1,1,3.0,3,1.0,1,0,1
0,24.0,1,3,1371.0,0,1,4.0,1,0,4.0,0,25.0,0,2,1.0,0,1.0,1,0,2
2,36.0,0,3,3535.0,1,2,4.0,0,0,4.0,3,37.0,0,0,2.0,0,1.0,0,0,1
0,18.0,1,0,3509.0,1,2,4.0,1,1,1.0,0,25.0,0,0,1.0,0,1.0,1,0,1
2,36.0,0,4,5711.0,3,0,4.0,0,0,2.0,3,38.0,0,0,2.0,2,1.0,0,0,1
1,18.0,1,7,3872.0,1,3,2.0,1,0,4.0,3,67.0,0,0,1.0,0,1.0,0,0,1
1,39.0,0,0,4933.0,1,2,2.0,0,1,2.0,0,25.0,0,0,2.0,0,1.0,1,0,2
2,24.0,0,3,1940.0,3,0,4.0,0,0,4.0,0,60.0,0,0,1.0,0,1.0,0,0,1
1,12.0,3,9,1410.0,1,1,2.0,0,0,2.0,0,31.0,0,0,1.0,1,1.0,0,0,1
1,12.0,1,3,836.0,4,4,4.0,1,0,2.0,1,23.0,1,0,1.0,1,1.0,1,0,2
1,20.0,1,4,6468.0,0,3,1.0,2,0,4.0,0,60.0,0,0,1.0,2,1.0,0,0,1
1,18.0,1,5,1941.0,3,1,4.0,0,0,2.0,1,35.0,0,0,1.0,1,1.0,0,0,1
2,22.0,1,0,2675.0,2,0,3.0,0,0,4.0,3,40.0,0,0,1.0,0,1.0,1,0,1
2,48.0,0,4,2751.0,0,0,4.0,0,0,3.0,3,38.0,0,0,2.0,0,2.0,0,0,1
1,48.0,2,1,6224.0,1,0,4.0,0,0,4.0,2,50.0,0,1,1.0,0,1.0,1,0,2
0,40.0,0,1,5998.0,1,1,4.0,0,0,3.0,2,27.0,1,0,1.0,0,1.0,0,0,2
1,21.0,1,5,1188.0,1,0,2.0,1,0,4.0,1,39.0,0,0,1.0,0,2.0,1,0,2
2,24.0,1,4,6313.0,0,0,3.0,0,0,4.0,3,41.0,0,0,1.0,2,2.0,0,0,1
2,6.0,0,2,1221.0,0,1,1.0,3,0,2.0,1,27.0,0,0,2.0,0,1.0,1,0,1
3,24.0,1,2,2892.0,1,0,3.0,2,0,4.0,2,51.0,0,1,1.0,0,1.0,1,0,1
2,24.0,1,2,3062.0,2,0,4.0,0,0,3.0,2,32.0,0,2,1.0,0,1.0,0,0,1
2,9.0,1,2,2301.0,4,4,2.0,1,0,4.0,1,22.0,0,2,1.0,0,1.0,1,0,1
0,18.0,1,4,7511.0,0,0,1.0,0,0,4.0,1,51.0,0,1,1.0,0,2.0,0,0,2
2,12.0,0,2,1258.0,1,4,2.0,1,0,4.0,1,22.0,0,2,2.0,1,1.0,1,0,1
2,24.0,2,3,717.0,0,0,4.0,3,0,4.0,3,54.0,0,0,2.0,0,1.0,0,0,1
1,9.0,1,3,1549.0,0,4,4.0,0,0,2.0,0,35.0,0,0,1.0,3,1.0,1,0,1
2,24.0,0,1,1597.0,1,0,4.0,0,0,4.0,2,54.0,0,1,2.0,0,2.0,1,0,1
1,18.0,0,0,1795.0,1,0,3.0,1,1,4.0,0,48.0,1,2,2.0,1,1.0,0,0,1
0,20.0,0,2,4272.0,1,0,1.0,1,0,4.0,1,24.0,0,0,2.0,0,1.0,1,0,1
2,12.0,0,0,976.0,0,0,4.0,0,0,4.0,3,35.0,0,0,2.0,0,1.0,1,0,1
1,12.0,1,3,7472.0,0,3,1.0,1,0,2.0,0,24.0,0,2,1.0,3,1.0,1,0,1
0,36.0,1,3,9271.0,1,2,2.0,0,0,1.0,3,24.0,0,0,1.0,0,1.0,0,0,2
1,6.0,1,0,590.0,1,4,3.0,3,0,3.0,0,26.0,0,0,1.0,1,1.0,1,1,1
2,12.0,0,0,930.0,0,0,4.0,0,0,4.0,0,65.0,0,0,4.0,0,1.0,1,0,1
1,42.0,4,4,9283.0,1,3,1.0,0,0,2.0,2,55.0,1,1,1.0,2,1.0,0,0,1
1,15.0,3,3,1778.0,1,4,2.0,1,0,1.0,0,26.0,0,2,2.0,3,1.0,1,0,2
1,8.0,1,5,907.0,1,4,3.0,3,0,2.0,0,26.0,0,0,1.0,0,1.0,0,0,1
1,6.0,1,0,484.0,1,2,3.0,3,1,3.0,0,28.0,1,0,1.0,1,1.0,1,0,1
0,36.0,0,4,9629.0,1,2,4.0,0,0,4.0,3,24.0,0,0,2.0,0,1.0,0,0,2
0,48.0,1,6,3051.0,1,1,3.0,0,0,4.0,3,54.0,0,0,1.0,0,1.0,1,0,2
0,48.0,1,3,3931.0,1,2,4.0,0,0,4.0,2,46.0,0,1,1.0,0,2.0,1,0,2
1,36.0,2,3,7432.0,1,1,2.0,1,0,2.0,1,54.0,0,2,1.0,0,1.0,1,0,1
2,6.0,1,6,1338.0,2,1,1.0,2,0,4.0,0,62.0,0,0,1.0,0,1.0,1,0,1
2,6.0,0,0,1554.0,1,2,1.0,1,0,2.0,3,24.0,0,2,2.0,0,1.0,0,0,1
0,36.0,1,8,15857.0,1,3,2.0,2,2,3.0,3,43.0,0,0,1.0,2,1.0,1,0,1
0,18.0,1,0,1345.0,1,1,4.0,3,0,3.0,0,26.0,1,0,1.0,0,1.0,1,0,2
2,12.0,1,3,1101.0,1,1,3.0,3,0,2.0,0,27.0,0,0,2.0,0,1.0,0,0,1
3,12.0,1,0,3016.0,1,1,3.0,3,0,1.0,3,24.0,0,0,1.0,0,1.0,1,0,1
0,36.0,1,2,2712.0,1,0,2.0,0,0,2.0,1,41.0,1,0,1.0,0,2.0,1,0,2
0,8.0,0,3,731.0,1,0,4.0,0,0,4.0,0,47.0,0,0,2.0,1,1.0,1,0,1
2,18.0,0,2,3780.0,1,4,3.0,2,0,2.0,3,35.0,0,0,2.0,2,1.0,0,0,1
0,21.0,0,3,1602.0,1,0,4.0,3,0,3.0,3,30.0,0,0,2.0,0,1.0,0,0,1
0,18.0,0,3,3966.0,1,0,1.0,1,0,4.0,0,33.0,1,2,3.0,0,1.0,0,0,2
2,18.0,3,5,4165.0,1,1,2.0,0,0,2.0,3,36.0,2,0,2.0,0,2.0,1,0,2
0,36.0,1,4,8335.0,0,0,3.0,0,0,4.0,2,47.0,0,1,1.0,0,1.0,1,0,2
1,48.0,2,5,6681.0,0,1,4.0,0,0,4.0,2,38.0,0,1,1.0,0,2.0,0,0,1
2,24.0,2,5,2375.0,2,1,4.0,0,0,2.0,3,44.0,0,0,2.0,0,2.0,0,0,1
0,18.0,1,3,1216.0,1,4,4.0,1,0,3.0,3,23.0,0,2,1.0,0,1.0,0,0,2
0,45.0,3,5,11816.0,1,0,2.0,0,0,4.0,3,29.0,0,2,2.0,0,1.0,1,0,2
1,24.0,1,0,5084.0,0,0,2.0,1,0,4.0,3,42.0,0,0,1.0,0,1.0,0,0,1
3,15.0,1,0,2327.0,1,4,2.0,1,0,3.0,0,25.0,0,0,1.0,1,1.0,1,0,2
0,12.0,3,3,1082.0,1,1,4.0,0,0,4.0,3,48.0,1,0,2.0,0,1.0,1,0,2
2,12.0,1,0,886.0,0,1,4.0,1,0,2.0,3,21.0,0,0,1.0,0,1.0,1,0,1
2,4.0,1,2,601.0,1,4,1.0,1,0,3.0,0,23.0,0,2,1.0,1,2.0,1,0,1
0,24.0,0,4,2957.0,1,0,4.0,0,0,4.0,1,63.0,0,0,2.0,0,1.0,0,0,1
2,24.0,0,0,2611.0,1,0,4.0,3,2,3.0,0,46.0,0,0,2.0,0,1.0,1,0,1
0,36.0,1,2,5179.0,1,2,4.0,0,0,2.0,1,29.0,0,0,1.0,0,1.0,1,0,2
2,21.0,2,4,2993.0,1,1,3.0,0,0,2.0,0,28.0,2,0,2.0,1,1.0,1,0,1
2,18.0,1,7,1943.0,1,4,4.0,1,0,4.0,0,23.0,0,0,1.0,0,1.0,1,0,2
2,24.0,4,5,1559.0,1,2,4.0,0,0,4.0,3,50.0,1,0,1.0,0,1.0,0,0,1
2,18.0,1,2,3422.0,1,0,4.0,0,0,4.0,1,47.0,1,0,3.0,0,2.0,0,0,1
1,21.0,1,2,3976.0,0,2,2.0,0,0,3.0,3,35.0,0,0,1.0,0,1.0,0,0,1
2,18.0,1,3,6761.0,0,1,2.0,0,0,4.0,3,68.0,0,2,2.0,0,1.0,1,0,2
2,24.0,1,3,1249.0,1,4,4.0,3,0,2.0,0,28.0,0,0,1.0,0,1.0,1,0,1
0,9.0,1,0,1364.0,1,2,3.0,0,0,4.0,0,59.0,0,0,1.0,0,1.0,1,0,1
0,12.0,1,0,709.0,1,0,4.0,0,0,4.0,0,57.0,2,0,1.0,1,1.0,1,0,2
0,20.0,0,3,2235.0,1,1,4.0,3,1,2.0,1,33.0,1,2,2.0,0,1.0,1,1,2
2,24.0,0,4,4042.0,0,2,3.0,0,0,4.0,1,43.0,0,0,2.0,0,1.0,0,0,1
2,15.0,0,0,1471.0,1,1,4.0,0,0,4.0,2,35.0,0,1,2.0,0,1.0,0,0,1
0,18.0,4,3,1442.0,1,2,4.0,0,0,4.0,2,32.0,0,1,2.0,1,2.0,1,0,2
2,36.0,2,3,10875.0,1,0,2.0,0,0,2.0,3,45.0,0,0,2.0,0,2.0,0,0,1
2,24.0,1,3,1474.0,4,4,4.0,3,0,3.0,0,33.0,0,0,1.0,0,1.0,0,0,1
2,10.0,1,9,894.0,0,2,4.0,1,0,3.0,1,40.0,0,0,1.0,0,1.0,0,0,1
2,15.0,0,2,3343.0,1,1,4.0,0,0,2.0,2,28.0,0,1,1.0,0,1.0,0,0,1
0,15.0,1,3,3959.0,1,1,3.0,1,0,2.0,1,29.0,0,0,1.0,0,1.0,0,0,2
2,9.0,1,3,3577.0,4,1,1.0,0,1,2.0,0,26.0,0,2,1.0,0,2.0,1,1,1
2,24.0,0,4,5804.0,3,1,4.0,0,0,2.0,0,27.0,0,0,2.0,0,1.0,1,0,1
2,18.0,2,5,2169.0,1,1,4.0,3,0,2.0,3,28.0,0,0,1.0,0,1.0,0,0,2
0,24.0,1,0,2439.0,1,4,4.0,1,0,4.0,0,35.0,0,0,1.0,0,1.0,0,0,2
2,27.0,0,2,4526.0,3,4,4.0,0,0,2.0,0,32.0,2,0,2.0,1,2.0,0,0,1
2,10.0,1,2,2210.0,1,1,2.0,0,0,2.0,0,25.0,1,2,1.0,1,1.0,1,0,2
2,15.0,1,2,2221.0,2,1,2.0,1,0,4.0,3,20.0,0,2,1.0,0,1.0,1,0,1
0,18.0,1,0,2389.0,1,4,4.0,1,0,1.0,3,27.0,2,0,1.0,0,1.0,1,0,1
2,12.0,0,2,3331.0,1,0,2.0,0,0,4.0,1,42.0,2,0,1.0,0,1.0,1,0,1
2,36.0,1,5,7409.0,0,0,3.0,0,0,2.0,1,37.0,0,0,2.0,0,1.0,1,0,1
0,12.0,1,2,652.0,1,0,4.0,1,0,4.0,1,24.0,0,2,1.0,0,1.0,1,0,1
2,36.0,2,2,7678.0,2,2,2.0,1,0,4.0,3,40.0,0,0,2.0,0,1.0,0,0,1
3,6.0,0,3,1343.0,1,0,1.0,0,0,4.0,0,46.0,0,0,2.0,0,2.0,1,1,1
0,24.0,0,5,1382.0,4,2,4.0,0,0,1.0,0,26.0,0,0,2.0,0,1.0,0,0,1
2,15.0,1,6,874.0,0,4,4.0,1,0,1.0,0,24.0,0,0,1.0,0,1.0,1,0,1
0,12.0,1,2,3590.0,1,1,2.0,0,2,2.0,1,29.0,0,0,1.0,1,2.0,1,0,1
1,11.0,0,3,1322.0,3,1,4.0,1,0,4.0,3,40.0,0,0,2.0,0,1.0,1,0,1
0,18.0,4,0,1940.0,1,4,3.0,0,2,4.0,2,36.0,1,1,1.0,2,1.0,0,0,1
2,36.0,1,0,3595.0,1,0,4.0,0,0,2.0,3,28.0,0,0,1.0,0,1.0,1,0,1
0,9.0,1,3,1422.0,1,4,3.0,0,0,2.0,2,27.0,0,1,1.0,2,1.0,0,0,2
2,30.0,0,0,6742.0,0,2,2.0,0,0,3.0,1,36.0,0,0,2.0,0,1.0,1,0,1
2,24.0,1,4,7814.0,1,2,3.0,0,0,3.0,3,38.0,0,0,1.0,2,1.0,0,0,1
2,24.0,1,4,9277.0,0,1,2.0,2,0,4.0,2,48.0,0,1,1.0,0,1.0,0,0,1
1,30.0,0,3,2181.0,0,0,4.0,0,0,4.0,0,36.0,0,0,2.0,0,1.0,1,0,1
2,18.0,0,0,1098.0,1,3,4.0,1,0,4.0,3,65.0,0,0,2.0,3,1.0,1,0,1
1,24.0,1,2,4057.0,1,2,3.0,2,0,3.0,3,43.0,0,0,1.0,0,1.0,0,0,2
0,12.0,1,1,795.0,1,4,4.0,1,0,4.0,1,53.0,0,0,1.0,0,1.0,1,0,2
1,24.0,0,5,2825.0,0,2,4.0,0,0,3.0,2,34.0,0,0,2.0,0,2.0,0,0,1
1,48.0,1,5,15672.0,1,1,2.0,0,0,2.0,3,23.0,0,0,1.0,0,1.0,0,0,2
2,36.0,0,3,6614.0,1,0,4.0,0,0,4.0,3,34.0,0,0,2.0,2,1.0,0,0,1
2,28.0,4,4,7824.0,0,4,3.0,0,1,4.0,0,40.0,1,2,2.0,0,2.0,0,0,1
0,27.0,0,5,2442.0,1,0,4.0,0,0,4.0,3,43.0,2,0,4.0,2,2.0,0,0,1
2,15.0,0,0,1829.0,1,0,4.0,0,0,4.0,3,46.0,0,0,2.0,0,1.0,0,0,1
0,12.0,0,3,2171.0,1,1,4.0,0,0,4.0,1,38.0,1,0,2.0,1,1.0,1,1,1
1,36.0,0,4,5800.0,1,1,3.0,0,0,4.0,3,34.0,0,0,2.0,0,1.0,0,0,1
2,18.0,0,0,1169.0,0,1,4.0,0,0,3.0,1,29.0,0,0,2.0,0,1.0,0,0,1
2,36.0,2,4,8947.0,0,2,3.0,0,0,2.0,3,31.0,2,0,1.0,2,2.0,0,0,1
0,21.0,1,0,2606.0,1,4,4.0,1,0,4.0,1,28.0,0,2,1.0,2,1.0,0,0,1
2,12.0,0,2,1592.0,3,2,3.0,1,0,2.0,1,35.0,0,0,1.0,0,1.0,1,1,1
2,15.0,1,2,2186.0,0,2,1.0,1,0,4.0,0,33.0,1,2,1.0,1,1.0,1,0,1
0,18.0,1,2,4153.0,1,1,2.0,0,2,3.0,3,42.0,0,0,1.0,0,1.0,1,0,2
0,16.0,0,3,2625.0,1,0,2.0,0,1,4.0,1,43.0,1,2,1.0,0,1.0,0,0,2
2,20.0,0,3,3485.0,0,4,2.0,2,0,4.0,0,44.0,0,0,2.0,0,1.0,0,0,1
2,36.0,0,4,10477.0,0,0,2.0,0,0,4.0,2,42.0,0,1,2.0,0,1.0,1,0,1
2,15.0,1,0,1386.0,0,1,4.0,3,0,2.0,0,40.0,0,2,1.0,0,1.0,0,0,1
2,24.0,1,0,1278.0,1,0,4.0,0,0,1.0,0,36.0,0,0,1.0,2,1.0,0,0,1
0,12.0,1,0,1107.0,1,1,2.0,0,0,2.0,0,20.0,0,2,1.0,2,2.0,0,0,1
0,21.0,1,3,3763.0,0,2,2.0,0,2,2.0,0,24.0,0,0,1.0,1,1.0,1,1,1
1,36.0,1,1,3711.0,0,1,2.0,3,0,2.0,3,27.0,0,0,1.0,0,1.0,1,0,1
2,15.0,2,4,3594.0,1,4,1.0,1,0,2.0,1,46.0,0,0,2.0,1,1.0,1,0,1
1,9.0,1,3,3195.0,0,1,1.0,1,0,2.0,0,33.0,0,0,1.0,1,1.0,1,0,1
2,36.0,2,0,4454.0,1,1,4.0,1,0,4.0,0,34.0,0,0,2.0,0,1.0,1,0,1
1,24.0,0,2,4736.0,1,4,2.0,1,0,4.0,3,25.0,1,0,1.0,1,1.0,1,0,2
1,30.0,1,0,2991.0,0,0,2.0,1,0,4.0,3,25.0,0,0,1.0,0,1.0,1,0,1
2,11.0,1,5,2142.0,3,0,1.0,2,0,2.0,0,28.0,0,0,1.0,0,1.0,0,0,1
0,24.0,4,5,3161.0,1,1,4.0,0,0,2.0,1,31.0,0,2,1.0,0,1.0,0,0,2
1,48.0,3,8,18424.0,1,1,1.0,1,0,2.0,1,32.0,1,0,1.0,2,1.0,0,1,2
2,10.0,1,4,2848.0,4,1,1.0,0,2,2.0,0,32.0,0,0,1.0,0,2.0,1,0,1
0,6.0,1,3,14896.0,1,0,1.0,0,0,4.0,2,68.0,1,0,1.0,2,1.0,0,0,2
0,24.0,1,2,2359.0,4,3,1.0,2,0,1.0,1,33.0,0,0,1.0,0,1.0,1,0,2
0,24.0,1,2,3345.0,1,0,4.0,0,0,2.0,1,39.0,0,2,1.0,2,1.0,0,0,2
2,18.0,0,2,1817.0,1,1,4.0,1,0,2.0,2,28.0,0,0,2.0,0,1.0,1,0,1
2,48.0,2,0,12749.0,2,2,4.0,0,0,1.0,3,37.0,0,0,1.0,2,1.0,0,0,1
0,9.0,1,0,1366.0,1,4,3.0,1,0,4.0,1,22.0,0,2,1.0,0,1.0,1,0,2
1,12.0,1,3,2002.0,1,2,3.0,0,0,4.0,1,30.0,0,2,1.0,0,2.0,0,0,1
0,24.0,4,2,6872.0,1,4,2.0,2,0,1.0,1,55.0,1,0,1.0,0,1.0,0,0,2
0,12.0,4,3,697.0,1,4,4.0,0,0,2.0,3,46.0,1,0,2.0,0,1.0,0,0,2
0,18.0,0,2,1049.0,1,4,4.0,1,0,4.0,1,21.0,0,2,1.0,0,1.0,1,0,1
0,48.0,1,4,10297.0,1,2,4.0,0,0,4.0,2,39.0,2,1,3.0,0,2.0,0,0,2
2,30.0,1,0,1867.0,0,0,4.0,0,0,4.0,3,58.0,0,0,1.0,0,1.0,0,0,1
0,12.0,2,3,1344.0,1,1,4.0,0,0,2.0,0,43.0,0,0,2.0,1,2.0,1,0,1
0,24.0,1,2,1747.0,1,4,4.0,0,2,1.0,1,24.0,0,0,1.0,1,1.0,1,1,1
1,9.0,1,0,1670.0,1,4,4.0,1,0,2.0,3,22.0,0,0,1.0,0,1.0,0,0,2
2,9.0,0,3,1224.0,1,1,3.0,0,0,1.0,0,30.0,0,0,2.0,0,1.0,1,0,1
2,12.0,0,0,522.0,2,0,4.0,0,0,4.0,1,42.0,0,0,2.0,0,2.0,0,0,1
0,12.0,1,0,1498.0,1,1,4.0,1,0,1.0,3,23.0,1,0,1.0,0,1.0,1,0,1
1,30.0,2,0,1919.0,4,4,4.0,0,0,3.0,2,30.0,2,0,2.0,2,1.0,1,0,2
3,9.0,1,0,745.0,1,1,3.0,1,0,2.0,0,28.0,0,0,1.0,1,1.0,1,0,2
1,6.0,1,0,2063.0,1,4,4.0,3,0,3.0,3,30.0,0,2,1.0,2,1.0,0,0,1
1,60.0,1,1,6288.0,1,1,4.0,0,0,4.0,2,42.0,0,1,1.0,0,1.0,1,0,2
2,24.0,0,4,6842.0,0,1,2.0,0,0,4.0,1,46.0,0,0,2.0,2,2.0,0,0,1
2,12.0,1,3,3527.0,0,4,2.0,0,0,3.0,1,45.0,0,0,1.0,2,2.0,0,0,1
2,10.0,1,3,1546.0,1,1,3.0,0,0,2.0,0,31.0,0,0,1.0,1,2.0,1,1,1
2,24.0,1,2,929.0,0,2,4.0,0,0,2.0,3,31.0,2,0,1.0,0,1.0,0,0,1
2,4.0,0,3,1455.0,1,2,2.0,0,0,1.0,0,42.0,0,0,3.0,1,2.0,1,0,1
0,15.0,1,2,1845.0,1,4,4.0,1,1,1.0,1,46.0,0,2,1.0,0,1.0,1,0,1
1,48.0,3,3,8358.0,2,4,1.0,1,0,1.0,3,30.0,0,0,2.0,0,1.0,1,0,1
0,24.0,4,2,3349.0,2,4,4.0,0,0,4.0,2,30.0,0,1,1.0,0,2.0,0,0,2
2,12.0,1,3,2859.0,0,3,4.0,0,0,4.0,2,38.0,0,0,1.0,2,1.0,0,0,1
2,18.0,1,2,1533.0,1,4,4.0,3,2,1.0,1,43.0,0,0,1.0,1,2.0,1,0,2
2,24.0,1,0,3621.0,4,0,2.0,0,0,4.0,3,31.0,0,0,2.0,0,1.0,1,0,2
1,18.0,0,5,3590.0,1,3,3.0,3,0,3.0,3,40.0,0,0,3.0,3,2.0,0,0,1
0,36.0,2,5,2145.0,1,2,2.0,0,0,1.0,3,24.0,0,0,2.0,0,1.0,0,0,2
1,24.0,1,4,4113.0,2,4,3.0,1,0,4.0,3,28.0,0,2,1.0,0,1.0,1,0,2
2,36.0,1,2,10974.0,1,3,4.0,1,0,2.0,3,26.0,0,0,2.0,2,1.0,0,0,2
0,12.0,1,3,1893.0,1,1,4.0,1,1,4.0,1,29.0,0,0,1.0,0,1.0,0,0,1
0,24.0,0,0,1231.0,3,0,4.0,1,0,4.0,1,57.0,0,2,2.0,2,1.0,0,0,1
3,30.0,0,0,3656.0,0,0,4.0,0,0,4.0,1,49.0,2,0,2.0,1,1.0,1,0,1
1,9.0,0,0,1154.0,1,0,2.0,0,0,4.0,0,37.0,0,0,3.0,1,1.0,1,0,1
0,28.0,1,3,4006.0,1,1,3.0,0,0,2.0,3,45.0,0,0,1.0,1,1.0,1,0,2
1,24.0,1,2,3069.0,4,0,4.0,0,0,4.0,2,30.0,0,1,1.0,0,1.0,1,0,1
2,6.0,0,0,1740.0,1,0,2.0,3,0,2.0,0,30.0,0,2,2.0,0,1.0,1,0,1
1,21.0,2,3,2353.0,1,1,1.0,2,0,4.0,1,47.0,0,0,2.0,0,1.0,1,0,1
2,15.0,1,3,3556.0,0,1,3.0,0,0,2.0,2,29.0,0,0,1.0,0,1.0,1,0,1
2,24.0,1,0,2397.0,2,0,3.0,0,0,2.0,3,35.0,1,0,2.0,0,1.0,0,0,2
1,6.0,1,7,454.0,1,4,3.0,3,0,1.0,1,22.0,0,0,1.0,1,1.0,1,0,1
1,30.0,1,0,1715.0,0,1,4.0,1,0,1.0,3,26.0,0,0,1.0,0,1.0,1,0,1
1,27.0,0,0,2520.0,2,1,4.0,0,0,2.0,1,23.0,0,0,2.0,1,1.0,1,0,2
2,15.0,1,0,3568.0,1,0,4.0,1,0,2.0,3,54.0,1,2,1.0,2,1.0,0,0,1
2,42.0,1,0,7166.0,0,2,2.0,3,0,4.0,1,29.0,0,2,1.0,0,1.0,0,0,1
0,11.0,0,3,3939.0,1,1,1.0,0,0,2.0,0,40.0,0,0,2.0,1,2.0,1,0,1
1,15.0,1,7,1514.0,4,1,4.0,0,1,2.0,0,22.0,0,0,1.0,0,1.0,1,0,1
2,24.0,1,3,7393.0,1,1,1.0,0,0,4.0,1,43.0,0,0,1.0,1,2.0,1,0,1
0,24.0,4,3,1193.0,1,3,1.0,1,2,4.0,2,29.0,0,2,2.0,3,1.0,1,0,2
0,60.0,1,5,7297.0,1,0,4.0,0,2,4.0,2,36.0,0,2,1.0,0,1.0,1,0,2
2,30.0,0,0,2831.0,1,1,4.0,1,0,2.0,3,33.0,0,0,1.0,0,1.0,0,0,1
3,24.0,1,0,1258.0,2,1,3.0,1,0,3.0,3,57.0,0,0,1.0,1,1.0,1,0,1
1,6.0,1,0,753.0,1,1,2.0,1,1,3.0,0,64.0,0,0,1.0,0,1.0,1,0,1
1,18.0,2,5,2427.0,0,0,4.0,0,0,2.0,1,42.0,0,0,2.0,0,1.0,1,0,1
2,24.0,2,3,2538.0,1,0,4.0,0,0,4.0,3,47.0,0,0,2.0,1,2.0,1,0,2
1,15.0,4,3,1264.0,4,1,2.0,3,0,2.0,1,25.0,0,2,1.0,0,1.0,1,0,2
1,30.0,0,2,8386.0,1,2,2.0,0,0,2.0,1,49.0,0,0,1.0,0,1.0,1,0,2
2,48.0,1,5,4844.0,1,3,3.0,0,0,2.0,3,33.0,1,2,1.0,2,1.0,0,0,2
3,21.0,1,3,2923.0,4,1,1.0,1,0,1.0,3,28.0,1,0,1.0,2,1.0,0,0,1
0,36.0,1,4,8229.0,1,1,2.0,0,0,2.0,1,26.0,0,0,1.0,0,2.0,1,0,2
2,24.0,0,2,2028.0,1,2,2.0,0,0,2.0,1,30.0,0,0,2.0,1,1.0,1,0,1
0,15.0,0,2,1433.0,1,1,4.0,1,0,3.0,1,25.0,0,2,2.0,0,1.0,1,0,1
3,42.0,3,5,6289.0,1,4,2.0,2,0,1.0,1,33.0,0,0,2.0,0,1.0,1,0,1
2,13.0,1,0,1409.0,4,3,2.0,1,0,4.0,0,64.0,0,0,1.0,0,1.0,1,0,1
0,24.0,1,4,6579.0,1,3,4.0,0,0,2.0,2,29.0,0,1,1.0,2,1.0,0,0,1
1,24.0,0,0,1743.0,1,0,4.0,0,0,2.0,1,48.0,0,0,2.0,1,1.0,1,0,1
2,12.0,0,1,3565.0,0,4,2.0,0,0,1.0,1,37.0,0,0,2.0,1,2.0,1,0,1
2,15.0,4,0,1569.0,4,0,4.0,0,0,4.0,3,34.0,1,0,1.0,1,2.0,1,0,1
0,18.0,1,0,1936.0,0,2,2.0,3,0,4.0,3,23.0,0,2,2.0,1,1.0,1,0,1
0,36.0,1,2,3959.0,1,3,4.0,0,0,3.0,1,30.0,0,0,1.0,2,1.0,0,0,1
2,12.0,1,3,2390.0,0,0,4.0,0,0,3.0,3,50.0,0,0,1.0,0,1.0,0,0,1
2,12.0,1,2,1736.0,1,2,3.0,1,0,4.0,0,31.0,0,0,1.0,1,1.0,1,0,1
0,30.0,1,4,3857.0,1,1,4.0,2,0,4.0,1,40.0,0,0,1.0,2,1.0,0,0,1
2,12.0,1,0,804.0,1,0,4.0,0,0,4.0,3,38.0,0,0,1.0,0,1.0,1,0,1
0,45.0,1,0,1845.0,1,1,4.0,0,0,4.0,2,23.0,0,1,1.0,0,1.0,0,0,2
1,45.0,0,4,4576.0,4,3,3.0,0,0,4.0,3,27.0,0,0,1.0,0,1.0,1,0,1
